0,0,0,0,0,0,0,0,0,0,0
1,0,0,0,0,0,0,0,0,0,0
2,0,0,0,0,0,0,0,0,0,0
3,0,0,0,0,0,0,0,0,0,0
4,0,0,0,0,0,0,0,0,0,0
5,0,0,0,0,0,0,0,0,0,0
6,0,0,0,0,0,0,0,0,0,0
7,0,0,0,0,0,0,0,0,0,0
8,0,0,0,0,0,0,0,0,0,0
9,0,0,0,0,0,0,0,0,0,0
10,0,0,0,0,0,0,0,0,0,0
11,0,0,0,0,0,0,0,0,0,0
12,0,0,0,0,0,0,0,0,0,0
13,0,0,0,0,0,0,0,0,0,0
14,0,0,0,0,0,0,0,0,0,0
15,0,0,0,0,0,0,0,0,0,0
16,0,0,0,0,0,0,0,0,0,0
17,0,0,0,0,0,0,0,0,0,0
18,0,0,0,0,0,0,0,0,0,0
19,0,0,0,0,0,0,0,0,0,0
20,0,0,0,0,0,0,0,0,0,0
21,0,0,0,0,0,0,0,0,0,0
22,0,0,0,0,0,0,0,0,0,0
23,0,0,0,0,0,0,0,0,0,0
24,0,0,0,0,0,0,0,0,0,0
25,0,0,0,0,0,0,0,0,0,0
26,0,0,0,0,0,0,0,0,0,0
27,0,0,0,0,0,0,0,0,0,0
28,0,0,0,0,0,0,0,0,0,0
29,0,0,0,0,0,0,0,0,0,0
30,0,0,0,0,0,0,0,0,0,0
31,0,0,0,0,0,0,0,0,0,0
32,0,0,0,0,0,0,0,0,0,0
33,0,0,0,0,0,0,0,0,0,0
34,0,0,0,0,0,0,0,0,0,0
35,0,0,0,0,0,0,0,0,0,0
36,0,0,0,0,0,0,0,0,0,0
37,0,0,0,0,0,0,0,0,0,0
38,0,0,0,0,0,0,0,0,0,0
39,0,0,0,0,0,0,0,0,0,0
40,0,0,0,0,0,0,0,0,0,0
41,0,0,0,0,0,0,0,0,0,0
42,0,0,0,0,0,0,0,0,0,0
43,0,0,0,0,0,0,0,0,0,0
44,0,0,0,0,0,0,0,0,0,0
45,0,0,0,0,0,0,0,0,0,0
46,0,0,0,0,0,0,0,0,0,0
47,0,0,0,0,0,0,0,0,0,0
48,0,0,0,0,0,0,0,0,0,0
49,0,0,0,0,0,0,0,0,0,0
50,0,0,0,0,0,0,0,0,0,0
51,0,0,0,0,0,0,0,0,0,0
52,0,0,0,0,0,0,0,0,0,0
53,0,0,0,0,0,0,0,0,0,0
54,0,0,0,0,0,0,0,0,0,0
55,0,0,0,0,0,0,0,0,0,0
56,0,0,0,0,0,0,0,0,0,0
57,0,0,0,0,0,0,0,0,0,0
58,0,0,0,0,0,0,0,0,0,0
59,0,0,0,0,0,0,0,0,0,0
60,0,0,0,0,0,0,0,0,0,0
61,0,0,0,0,0,0,0,0,0,0
62,0,0,0,0,0,0,0,0,0,0
63,0,0,0,0,0,0,0,0,0,0
64,0,0,0,0,0,0,0,0,0,0
65,0,0,0,0,0,0,0,0,0,0
66,0,0,0,0,0,0,0,0,0,0
67,0,0,0,0,0,0,0,0,0,0
68,0,0,0,0,0,0,0,0,0,0
69,0,0,0,0,0,0,0,0,0,0
70,0,0,0,0,0,0,0,0,0,0
71,0,0,0,0,0,0,0,0,0,0
72,0,0,0,0,0,0,0,0,0,0
73,0,0,0,0,0,0,0,0,0,0
74,0,0,0,0,0,0,0,0,0,0
75,0,0,0,0,0,0,0,0,0,0
76,0,0,0,0,0,0,0,0,0,0
77,0,0,0,0,0,0,0,0,0,0
78,0,0,0,0,0,0,0,0,0,0
79,0,0,0,0,0,0,0,0,0,0
80,0,0,0,0,0,0,0,0,0,0
81,0,0,0,0,0,0,0,0,0,0
82,0,0,0,0,0,0,0,0,0,0
83,0,0,0,0,0,0,0,0,0,0
84,0,0,0,0,0,0,0,0,0,0
85,0,0,0,0,0,0,0,0,0,0
86,0,0,0,0,0,0,0,0,0,0
87,0,0,0,0,0,0,0,0,0,0
88,0,0,0,0,0,0,0,0,0,0
89,0,0,0,0,0,0,0,0,0,0
90,0,0,0,0,0,0,0,0,0,0
91,0,0,0,0,0,0,0,0,0,0
92,0,0,0,0,0,0,0,0,0,0
93,0,0,0,0,0,0,0,0,0,0
94,0,0,0,0,0,0,0,0,0,0
95,0,0,0,0,0,0,0,0,0,0
96,0,0,0,0,0,0,0,0,0,0
97,0,0,0,0,0,0,0,0,0,0
98,0,0,0,0,0,0,0,0,0,0
99,0,0,0,0,0,0,0,0,0,0
100,0,0,0,0,0,0,0,0,0,0
101,0,0,0,0,0,0,0,0,0,0
102,0,0,0,0,0,0,0,0,0,0
103,0,0,0,0,0,0,0,0,0,0
104,0,0,0,0,0,0,0,0,0,0
105,0,0,0,0,0,0,0,0,0,0
106,0,0,0,0,0,0,0,0,0,0
107,0,0,0,0,0,0,0,0,0,0
108,0,0,0,0,0,0,0,0,0,0
109,0,0,0,0,0,0,0,0,0,0
110,0,0,0,0,0,0,0,0,0,0
111,0,0,0,0,0,0,0,0,0,0
112,0,0,0,0,0,0,0,0,0,0
113,0,0,0,0,0,0,0,0,0,0
114,0,0,0,0,0,0,0,0,0,0
115,0,0,0,0,0,0,0,0,0,0
116,0,0,0,0,0,0,0,0,0,0
117,0,1,0,0,0,0,0,0,0,0
118,0,1,0,0,0,0,0,0,0,0
119,0,1,0,0,0,0,0,0,0,0
120,0,1,0,0,0,0,0,0,0,0
121,0,1,0,0,0,0,0,0,0,0
122,0,1,0,0,0,0,0,0,0,0
123,0,1,0,0,0,0,0,0,0,0
124,0,1,0,0,0,0,0,0,0,0
125,0,1,0,0,0,0,0,0,0,0
126,0,1,0,0,0,0,0,0,0,0
127,0,1,0,0,0,0,0,0,0,0
128,0,1,0,0,0,0,0,0,0,0
129,0,1,0,0,0,0,0,0,0,0
130,0,1,0,0,0,0,0,0,0,0
131,0,1,0,0,0,0,0,0,0,0
132,0,0,0,0,0,0,0,0,0,0
133,0,0,0,0,0,0,0,0,0,0
134,0,0,0,0,0,0,0,0,0,0
135,0,0,0,0,0,0,0,0,0,0
136,0,0,0,0,0,0,0,0,0,0
137,0,0,0,0,0,0,0,0,0,0
138,0,0,0,0,0,0,0,0,0,0
139,0,0,0,0,0,0,0,0,0,0
140,0,0,0,0,0,0,0,0,0,0
141,0,0,0,0,0,0,0,0,0,0
142,0,1,0,0,0,0,0,0,0,0
143,1,1,0,0,0,0,0,0,0,0
144,1,1,0,0,0,0,0,0,0,0
145,1,1,0,0,0,0,0,0,0,0
146,1,1,0,0,0,0,0,0,0,0
147,1,1,0,0,0,0,0,0,0,0
148,1,1,0,0,0,0,0,0,0,0
149,1,1,0,0,0,0,0,0,0,0
150,1,1,0,0,0,0,0,0,0,0
151,1,1,0,0,0,0,0,0,0,0
152,1,1,0,0,0,0,0,0,0,0
153,1,1,0,0,0,0,0,0,0,0
154,1,1,0,0,0,0,0,0,0,0
155,1,1,0,0,0,0,0,0,0,0
156,1,1,0,0,0,0,0,0,0,0
157,1,1,0,0,0,0,0,0,0,0
158,1,1,1,0,0,0,0,0,0,0
159,1,0,1,0,0,0,0,0,0,0
160,1,0,1,0,0,0,0,0,0,0
161,1,0,1,0,0,0,0,0,0,0
162,1,0,1,0,0,0,0,0,0,0
163,1,0,1,0,0,0,0,0,0,0
164,1,0,1,0,0,0,0,0,0,0
165,1,0,1,0,0,0,0,0,0,0
166,1,0,1,0,0,0,0,0,0,0
167,1,0,1,0,0,0,0,0,0,0
168,1,0,1,0,0,0,0,0,0,0
169,1,0,1,0,0,0,0,0,0,0
170,1,0,1,0,0,0,0,0,0,0
171,1,0,1,0,0,0,0,0,0,0
172,1,0,1,0,0,0,0,0,0,0
173,1,0,1,0,0,0,0,0,0,0
174,1,0,1,0,0,0,0,0,0,0
175,1,0,1,0,0,0,0,0,0,0
176,1,0,1,0,0,0,0,0,0,0
177,1,0,1,0,0,0,0,0,0,0
178,1,0,1,0,0,0,0,0,0,0
179,1,0,1,0,0,0,0,0,0,0
180,1,0,1,0,0,0,0,0,0,0
181,1,0,1,0,0,0,0,0,0,0
182,0,0,1,0,0,0,0,0,0,0
183,0,0,1,0,0,0,0,0,0,0
184,0,0,0,0,0,0,0,0,0,1
185,0,1,0,0,0,0,0,0,0,1
186,0,1,0,0,0,0,0,0,0,1
187,0,1,0,0,0,0,0,0,0,1
188,0,1,0,0,0,0,0,0,0,1
189,0,1,0,0,0,0,0,0,0,1
190,0,1,0,0,0,0,0,0,0,1
191,0,0,0,0,0,0,0,0,0,1
192,0,0,0,0,0,0,0,0,0,1
193,0,1,0,0,0,0,0,0,0,1
194,0,1,0,0,0,0,0,0,0,1
195,0,1,0,0,0,0,0,0,0,1
196,0,1,0,0,0,0,0,0,0,1
197,0,1,0,0,0,0,0,0,0,1
198,0,1,0,0,0,0,0,0,0,1
199,0,0,0,0,0,0,0,0,0,1
200,0,0,0,0,0,0,0,0,0,1
201,0,0,0,0,0,0,0,0,0,1
202,1,0,0,0,0,0,0,0,0,1
203,1,0,0,0,0,0,0,0,0,1
204,1,0,0,0,0,0,0,0,0,1
205,1,0,0,0,0,0,0,0,0,1
206,1,0,0,0,0,0,0,0,0,1
207,1,0,0,0,0,0,0,0,0,1
208,1,0,0,0,0,0,0,0,0,1
209,1,0,0,0,0,0,0,0,0,1
210,1,0,0,0,0,0,0,0,0,1
211,1,0,0,0,0,0,0,0,0,1
212,1,0,0,0,0,0,0,0,0,1
213,1,0,0,0,0,0,0,0,0,1
214,1,0,0,0,0,0,0,0,0,1
215,1,0,0,0,0,0,0,0,0,1
216,1,0,0,0,0,0,0,0,0,1
217,1,0,0,0,0,0,0,0,0,1
218,1,0,0,0,0,0,0,0,0,1
219,1,0,0,0,0,0,0,0,0,1
220,1,0,0,0,0,0,0,0,0,1
221,1,0,0,0,0,0,0,0,0,1
222,1,0,0,0,0,0,0,0,0,1
223,1,0,0,0,0,0,0,0,0,1
224,1,0,0,0,0,0,0,0,0,1
225,1,0,0,0,0,0,0,0,0,1
226,1,0,0,0,0,0,0,0,0,1
227,1,0,0,0,0,0,0,0,0,1
228,1,0,0,0,0,0,0,0,0,1
229,1,0,0,0,0,0,0,0,0,1
230,1,0,0,0,0,0,0,0,0,1
231,1,0,0,0,0,0,0,0,0,1
232,1,0,0,0,0,0,0,0,0,1
233,1,0,0,0,0,0,0,0,0,1
234,1,0,0,0,0,0,0,0,0,1
235,1,0,0,0,0,0,0,0,0,1
236,1,0,0,0,0,0,0,0,0,1
237,1,0,0,0,0,0,0,0,0,1
238,1,0,0,0,0,0,0,0,0,1
239,1,0,0,0,0,0,0,0,0,1
240,1,0,0,0,0,0,0,0,0,1
241,1,0,0,0,0,0,0,0,0,1
242,1,0,0,0,0,0,0,0,0,1
243,1,0,0,0,0,0,0,0,0,1
244,1,0,0,0,0,0,0,0,0,1
245,1,0,0,0,0,0,0,0,0,1
246,1,0,0,0,0,0,0,0,0,1
247,1,0,0,0,0,0,0,0,0,1
248,1,0,0,0,0,0,0,0,0,1
249,1,0,0,0,0,0,0,0,0,1
250,1,0,0,0,0,0,0,0,0,1
251,1,0,0,0,0,0,0,0,0,1
252,1,0,0,0,0,0,0,0,0,1
253,1,0,0,0,0,0,0,0,0,1
254,1,0,0,0,0,0,0,0,0,1
255,1,0,0,0,0,0,0,0,0,1
256,1,0,0,0,0,0,0,0,0,1
257,1,0,0,0,0,0,0,0,0,1
258,1,0,0,0,0,0,0,0,0,1
259,1,0,0,0,0,0,0,0,0,1
260,1,0,0,0,0,0,0,0,0,1
261,1,0,0,0,0,0,0,0,0,1
262,1,0,0,0,0,0,0,0,0,1
263,1,0,0,0,0,0,0,0,0,1
264,1,0,0,0,0,0,0,0,0,1
265,1,0,0,0,0,0,0,0,0,1
266,1,0,0,0,0,0,0,0,0,1
267,1,0,0,0,0,0,0,0,0,1
268,1,0,0,0,0,0,0,0,0,1
269,1,0,0,0,0,0,0,0,0,1
270,1,0,0,0,0,0,0,0,0,1
271,1,0,0,0,0,0,0,0,0,1
272,1,0,0,0,0,0,0,0,0,1
273,1,0,0,0,0,0,0,0,0,1
274,1,0,0,0,0,0,0,0,0,1
275,1,0,0,0,0,0,0,0,0,1
276,1,0,0,0,0,0,0,0,0,1
277,1,0,0,0,0,0,0,0,0,1
278,1,0,0,0,0,0,0,0,0,1
279,1,0,0,0,0,0,0,0,0,1
280,1,0,0,0,0,0,0,0,0,1
281,1,0,0,0,0,0,0,0,0,1
282,1,0,0,0,0,0,0,0,0,1
283,1,0,0,0,0,0,0,0,0,1
284,1,0,0,0,0,0,0,0,0,1
285,1,0,0,0,0,0,0,0,0,1
286,1,0,0,0,0,0,0,0,0,1
287,1,0,0,0,0,0,0,0,0,1
288,1,0,0,0,0,0,0,0,0,1
289,1,0,0,0,0,0,0,0,0,1
290,1,0,0,0,0,0,0,0,0,1
291,1,0,0,0,0,0,0,0,0,1
292,1,0,0,0,0,0,0,0,0,1
293,1,0,0,0,0,0,0,0,0,1
294,1,0,0,0,0,0,0,0,0,1
295,1,0,0,0,0,0,0,0,0,1
296,1,0,0,0,0,0,0,0,0,1
297,1,0,0,0,0,0,0,0,0,1
298,1,0,0,0,0,0,0,0,0,1
299,0,0,0,0,0,0,0,0,0,1
300,0,1,0,0,0,0,0,0,0,1
301,0,1,0,0,0,0,0,0,0,1
302,0,1,0,0,0,0,0,0,0,1
303,0,0,0,0,0,0,0,0,0,1
304,1,0,0,0,0,0,0,0,0,1
305,1,0,0,0,0,0,0,0,0,1
306,1,0,1,0,0,0,0,0,0,0
307,1,0,1,0,0,0,0,0,0,0
308,1,0,1,0,0,0,0,0,0,0
309,1,0,1,0,0,0,0,0,0,0
310,1,0,1,0,0,0,0,0,0,0
311,1,0,1,0,0,0,0,0,0,0
312,1,0,1,0,0,0,0,0,0,0
313,1,0,1,0,0,0,0,0,0,0
314,1,0,1,0,0,0,0,0,0,0
315,1,0,1,0,0,0,0,0,0,0
316,1,0,1,0,0,0,0,0,0,0
317,1,0,1,0,0,0,0,0,0,0
318,1,0,1,0,0,0,0,0,0,0
319,1,0,1,0,0,0,0,0,0,0
320,1,0,1,0,0,0,0,0,0,0
321,1,0,1,0,0,0,0,0,0,0
322,1,0,1,0,0,0,0,0,0,0
323,1,0,1,0,0,0,0,0,0,0
324,1,0,1,0,0,0,0,0,0,0
325,1,0,1,0,0,0,0,0,0,0
326,1,0,1,0,0,0,0,0,0,0
327,1,0,1,0,0,0,0,0,0,0
328,1,0,1,0,0,0,0,0,0,0
329,1,0,1,0,0,0,0,0,0,0
330,1,0,1,0,0,0,0,0,0,0
331,1,0,1,0,0,0,0,0,0,0
332,1,0,1,0,0,0,0,0,0,0
333,1,0,1,0,0,0,0,0,0,0
334,1,0,1,0,0,0,0,0,0,0
335,1,0,1,0,0,0,0,0,0,0
336,1,0,1,0,0,0,0,0,0,0
337,1,0,1,0,0,0,0,0,0,0
338,1,0,1,0,0,0,0,0,0,0
339,1,0,1,0,0,0,0,0,0,0
340,1,0,1,0,0,0,0,0,0,0
341,1,0,1,0,0,0,0,0,0,0
342,1,0,1,0,0,0,0,0,0,0
343,1,0,1,0,0,0,0,0,0,0
344,1,0,1,0,0,0,0,0,0,0
345,1,0,1,0,0,0,0,0,0,0
346,1,0,1,0,0,0,0,0,0,0
347,1,0,1,0,0,0,0,0,0,0
348,1,0,1,0,0,0,0,0,0,0
349,1,0,1,0,0,0,0,0,0,0
350,1,0,1,0,0,0,0,0,0,0
351,1,0,1,0,0,0,0,0,0,0
352,1,0,1,0,0,0,0,0,0,0
353,1,0,1,0,0,0,0,0,0,0
354,1,0,1,0,0,0,0,0,0,0
355,1,0,1,0,0,0,0,0,0,0
356,1,0,1,0,0,0,0,0,0,0
357,1,0,1,0,0,0,0,0,0,0
358,1,0,1,0,0,0,0,0,0,0
359,1,0,1,0,0,0,0,0,0,0
360,1,0,1,0,0,0,0,0,0,0
361,1,0,1,0,0,0,0,0,0,0
362,1,0,1,0,0,0,0,0,0,0
363,1,0,1,0,0,0,0,0,0,0
364,1,0,1,0,0,0,0,0,0,0
365,1,0,1,0,0,0,0,0,0,0
366,1,0,1,0,0,0,0,0,0,0
367,1,0,1,0,0,0,0,0,0,0
368,1,0,1,0,0,0,0,0,0,0
369,1,0,1,0,0,0,0,0,0,0
370,1,0,1,0,0,0,0,0,0,0
371,1,0,1,0,0,0,0,0,0,0
372,1,0,1,0,0,0,0,0,0,0
373,1,0,1,0,0,0,0,0,0,0
374,1,0,1,0,0,0,0,0,0,0
375,1,0,1,0,0,0,0,0,0,0
376,1,0,1,0,0,0,0,0,0,0
377,1,0,1,0,0,0,0,0,0,0
378,1,0,1,0,0,0,0,0,0,0
379,1,0,1,0,0,0,0,0,0,0
380,1,0,1,0,0,0,0,0,0,0
381,1,0,1,0,0,0,0,0,0,0
382,1,0,1,0,0,0,0,0,0,0
383,1,0,1,0,0,0,0,0,0,0
384,1,0,1,0,0,0,0,0,0,0
385,1,0,1,0,0,0,0,0,0,0
386,1,0,1,0,0,0,0,0,0,0
387,1,0,1,0,0,0,0,0,0,0
388,1,0,1,0,0,0,0,0,0,0
389,1,0,1,0,0,0,0,0,0,0
390,1,0,1,0,0,0,0,0,0,0
391,1,0,1,0,0,0,0,0,0,0
392,1,0,1,0,0,0,0,0,0,0
393,1,0,1,0,0,0,0,0,0,0
394,1,0,1,0,0,0,0,0,0,0
395,1,0,1,0,0,0,0,0,0,0
396,1,0,1,0,0,0,0,0,0,0
397,1,0,1,0,0,0,0,0,0,0
398,1,0,1,0,0,0,0,0,0,0
399,1,0,1,0,0,0,0,0,0,0
400,1,0,1,0,0,0,0,0,0,0
401,1,0,1,0,0,0,0,0,0,0
402,1,0,1,0,0,0,0,0,0,0
403,1,0,1,0,0,0,0,0,0,0
404,1,0,1,0,0,0,0,0,0,0
405,1,0,1,0,0,0,0,0,0,0
406,1,0,1,0,0,0,0,0,0,0
407,1,0,1,0,0,0,0,0,0,0
408,1,0,1,0,0,0,0,0,0,0
409,1,0,1,0,0,0,0,0,0,0
410,1,0,1,0,0,0,0,0,0,0
411,1,0,1,0,0,0,0,0,0,0
412,1,0,1,0,0,0,0,0,0,0
413,1,0,1,0,0,0,0,0,0,0
414,1,0,1,0,0,0,0,0,0,0
415,1,0,1,0,0,0,0,0,0,0
416,1,0,1,0,0,0,0,0,0,0
417,1,0,1,0,0,0,0,0,0,0
418,1,0,1,0,0,0,0,0,0,0
419,1,0,1,0,0,0,0,0,0,0
420,1,0,1,0,0,0,0,0,0,0
421,1,0,1,0,0,0,0,0,0,0
422,1,0,1,0,0,0,0,0,0,0
423,1,0,1,0,0,0,0,0,0,0
424,1,0,1,0,0,0,0,0,0,0
425,1,0,1,0,0,0,0,0,0,0
426,1,0,1,0,0,0,0,0,0,0
427,1,0,1,0,0,0,0,0,0,0
428,1,0,1,0,0,0,0,0,0,0
429,1,0,1,0,0,0,0,0,0,0
430,1,0,1,0,0,0,0,0,0,0
431,1,0,1,0,0,0,0,0,0,0
432,1,0,1,0,0,0,0,0,0,0
433,1,0,1,0,0,0,0,0,0,0
434,1,0,1,0,0,0,0,0,0,0
435,1,0,1,0,0,0,0,0,0,0
436,1,0,1,0,0,0,0,0,0,0
437,1,0,1,0,0,0,0,0,0,0
438,1,0,1,0,0,0,0,0,0,0
439,1,0,1,0,0,0,0,0,0,0
440,1,0,1,0,0,0,0,0,0,0
441,1,0,1,0,0,0,0,0,0,0
442,1,0,1,0,0,0,0,0,0,0
443,1,0,1,0,0,0,0,0,0,0
444,0,0,1,0,0,0,0,0,0,0
445,1,0,1,0,0,0,0,0,0,0
446,1,0,1,0,0,0,0,0,0,0
447,1,0,1,0,0,0,0,0,0,0
448,1,0,1,0,0,0,0,0,0,0
449,1,0,1,0,0,0,0,0,0,0
450,1,0,1,0,0,0,0,0,0,0
451,1,0,1,0,0,0,0,0,0,0
452,1,0,1,0,0,0,0,0,0,0
453,1,0,1,0,0,0,0,0,0,0
454,1,0,1,0,0,0,0,0,0,0
455,1,0,1,0,0,0,0,0,0,0
456,1,0,1,0,0,0,0,0,0,0
457,1,0,1,0,0,0,0,0,0,0
458,1,0,1,0,0,0,0,0,0,0
459,1,0,1,0,0,0,0,0,0,0
460,1,0,1,0,0,0,0,0,0,0
461,1,0,1,0,0,0,0,0,0,0
462,1,0,1,0,0,0,0,0,0,0
463,1,0,1,0,0,0,0,0,0,0
464,1,0,1,0,0,0,0,0,0,0
465,1,0,1,0,0,0,0,0,0,0
466,1,0,1,0,0,0,0,0,0,0
467,1,0,1,0,0,0,0,0,0,0
468,1,0,1,0,0,0,0,0,0,0
469,1,0,1,0,0,0,0,0,0,0
470,1,0,1,0,0,0,0,0,0,0
471,1,0,0,0,0,0,0,0,0,0
472,1,0,1,0,0,0,0,0,0,0
473,1,0,1,0,0,0,0,0,0,0
474,1,0,1,0,0,0,0,0,0,0
475,1,0,1,0,0,0,0,0,0,0
476,1,0,1,0,0,0,0,0,0,0
477,1,0,1,0,0,0,0,0,0,0
478,1,0,1,0,0,0,0,0,0,0
479,1,0,1,0,0,0,0,0,0,0
480,1,0,1,0,0,0,0,0,0,0
481,1,0,1,0,0,0,0,0,0,0
482,1,0,1,0,0,0,0,0,0,0
483,1,0,1,0,0,0,0,0,0,0
484,1,0,1,0,0,0,0,0,0,0
485,1,0,1,0,0,0,0,0,0,0
486,1,0,1,0,0,0,0,0,0,0
487,1,0,1,0,0,0,0,0,0,0
488,1,0,1,0,0,0,0,0,0,0
489,1,0,1,0,0,0,0,0,0,0
490,1,0,1,0,0,0,0,0,0,0
491,1,0,1,0,0,0,0,0,0,0
492,1,0,1,0,0,0,0,0,0,0
493,1,0,1,0,0,0,0,0,0,0
494,1,0,1,0,0,0,0,0,0,0
495,1,0,1,0,0,0,0,0,0,0
496,1,0,1,0,0,0,0,0,0,0
497,1,0,1,0,0,0,0,0,0,0
498,1,0,1,0,0,0,0,0,0,0
499,1,0,1,0,0,0,0,0,0,0
500,1,0,1,0,0,0,0,0,0,0
501,1,0,1,0,0,0,0,0,0,0
502,1,0,1,0,0,0,0,0,0,0
503,1,0,1,0,0,0,0,0,0,0
504,1,0,1,0,0,0,0,0,0,0
505,1,0,1,0,0,0,0,0,0,0
506,1,0,1,0,0,0,0,0,0,0
507,1,0,1,0,0,0,0,0,0,0
508,1,0,1,0,0,0,0,0,0,0
509,1,0,1,0,0,0,0,0,0,0
510,1,0,1,0,0,0,0,0,0,0
511,1,0,1,0,0,0,0,0,0,0
512,1,0,0,0,0,0,0,0,0,0
513,1,0,0,0,0,0,0,0,0,0
514,1,0,0,0,0,0,0,0,0,0
515,1,0,0,0,0,0,0,0,0,0
516,1,0,0,0,0,0,0,0,0,0
517,1,0,0,0,0,0,0,0,0,0
518,1,0,0,0,0,0,0,0,0,0
519,1,0,0,0,1,0,0,0,0,0
520,1,0,0,0,1,0,0,0,0,0
521,1,0,0,0,1,0,0,0,0,0
522,1,0,0,0,1,0,0,0,0,0
523,1,0,0,0,1,0,0,0,0,0
524,1,0,0,0,1,0,0,0,0,0
525,1,0,0,0,1,0,0,0,0,0
526,1,0,0,0,1,0,0,0,0,0
527,1,0,0,0,1,0,0,0,0,0
528,1,0,0,0,1,0,0,0,0,0
529,1,0,0,0,1,0,0,0,0,0
530,1,0,0,0,1,0,0,0,0,0
531,1,0,0,0,1,0,0,0,0,0
532,1,0,0,0,1,0,0,0,0,0
533,1,0,0,0,1,0,0,0,0,0
534,1,0,0,0,1,0,0,0,0,0
535,1,0,0,0,1,0,0,0,0,0
536,1,0,0,0,1,0,0,0,0,0
537,1,0,0,0,1,0,0,0,0,0
538,1,0,0,0,1,0,0,0,0,0
539,1,0,0,0,1,0,0,0,0,0
540,1,0,0,0,1,0,0,0,0,0
541,1,0,0,0,1,0,0,0,0,0
542,1,0,0,0,1,0,0,0,0,0
543,1,0,0,0,1,0,0,0,0,0
544,1,0,0,0,0,0,0,0,0,0
545,1,0,0,0,1,0,0,0,0,0
546,1,0,0,0,1,0,0,0,0,0
547,1,0,0,0,1,0,0,0,0,0
548,1,0,0,0,1,0,0,0,0,0
549,1,0,0,0,1,0,0,0,0,0
550,1,0,0,0,1,0,0,0,0,0
551,1,0,0,0,1,0,0,0,0,0
552,1,0,0,0,1,0,0,0,0,0
553,1,0,0,0,1,0,0,0,0,0
554,1,0,0,0,1,0,0,0,0,0
555,1,0,0,0,1,0,0,0,0,0
556,1,0,0,0,1,0,0,0,0,0
557,1,0,0,0,0,0,0,0,0,0
558,1,0,0,0,1,0,0,0,0,0
559,1,0,0,0,1,0,0,0,0,0
560,1,0,0,0,1,0,0,0,0,0
561,1,0,0,0,1,0,0,0,0,0
562,1,0,0,0,1,0,0,0,0,0
563,1,0,0,0,1,0,0,0,0,0
564,1,0,0,0,1,0,0,0,0,0
565,1,0,0,0,1,0,0,0,0,0
566,1,0,0,0,1,0,0,0,0,0
567,1,0,0,0,1,0,0,0,0,0
568,1,0,0,0,1,0,0,0,0,0
569,1,0,0,0,0,0,0,0,0,0
570,1,0,0,0,0,0,0,0,0,0
571,1,0,0,0,0,0,0,0,0,0
572,1,0,0,0,0,0,0,0,0,0
573,1,0,0,0,0,0,0,0,0,0
574,1,0,0,0,0,1,0,0,0,0
575,1,0,0,0,0,1,0,0,0,0
576,1,0,0,0,0,1,0,0,0,0
577,1,0,0,0,0,1,0,0,0,0
578,1,0,0,0,0,1,0,0,0,0
579,1,0,0,0,0,0,0,0,0,0
580,1,0,0,0,0,0,0,0,0,0
581,1,0,0,0,0,0,0,0,0,0
582,1,0,0,0,0,0,0,0,0,0
583,1,0,0,0,0,0,0,0,0,0
584,1,0,0,0,0,0,0,0,0,0
585,1,0,0,0,0,0,0,0,0,0
586,1,0,0,0,0,1,0,0,0,0
587,1,0,0,0,0,1,0,0,0,0
588,1,0,0,0,0,1,0,0,0,0
589,1,0,0,0,0,1,0,0,0,0
590,1,0,0,0,0,1,0,0,0,0
591,1,0,0,0,0,1,0,0,0,0
592,1,0,0,0,0,1,0,0,0,0
593,1,0,0,0,0,1,0,0,0,0
594,1,0,0,0,0,1,0,0,0,0
595,1,0,0,0,0,1,0,0,0,0
596,1,0,0,0,0,1,0,0,0,0
597,1,0,0,0,0,1,0,0,0,0
598,1,0,0,0,0,1,0,0,0,0
599,1,0,0,0,0,1,0,0,0,0
600,1,0,0,0,0,1,0,0,0,0
601,1,0,0,0,0,1,0,0,0,0
602,1,0,0,0,0,1,0,0,0,0
603,1,0,0,0,0,1,0,0,0,0
604,1,0,0,0,0,1,0,0,0,0
605,1,0,0,0,0,1,0,0,0,0
606,1,0,0,0,0,1,0,0,0,0
607,1,0,0,0,0,1,0,0,0,0
608,1,0,0,0,0,1,0,0,0,0
609,1,0,0,0,0,1,0,0,0,0
610,1,0,0,0,0,0,0,0,0,0
611,1,0,0,0,0,0,0,0,0,0
612,1,0,0,0,0,0,0,0,0,0
613,1,0,0,0,0,0,0,0,0,0
614,1,0,0,0,0,0,0,0,0,0
615,1,0,0,0,0,0,0,0,0,0
616,1,0,1,0,0,0,0,0,0,0
617,1,0,1,0,0,0,0,0,0,0
618,1,0,1,0,0,0,0,0,0,0
619,1,0,1,0,0,0,0,0,0,0
620,1,0,1,0,0,0,0,0,0,0
621,1,0,1,0,0,0,0,0,0,0
622,1,0,1,0,0,0,0,0,0,0
623,1,0,1,0,0,0,0,0,0,0
624,1,0,1,0,0,0,0,0,0,0
625,1,0,1,0,0,0,0,0,0,0
626,1,0,1,0,0,0,0,0,0,0
627,1,0,1,0,0,0,0,0,0,0
628,1,0,1,0,0,0,0,0,0,0
629,1,1,1,0,0,0,0,0,0,0
630,1,1,1,0,0,0,0,0,0,0
631,1,1,1,0,0,0,0,0,0,0
632,1,1,1,0,0,0,0,0,0,0
633,1,1,1,0,0,0,0,0,0,0
634,1,1,1,0,0,0,0,0,0,0
635,1,1,1,0,0,0,0,0,0,0
636,1,1,1,0,0,0,0,0,0,0
637,1,1,1,0,0,0,0,0,0,0
638,1,1,1,0,0,0,0,0,0,0
639,1,1,1,0,0,0,0,0,0,0
640,1,1,1,0,0,0,0,0,0,0
641,1,1,1,0,0,0,0,0,0,0
642,1,1,1,0,0,0,0,0,0,0
643,1,1,1,0,0,0,0,0,0,0
644,1,1,1,0,0,0,0,0,0,0
645,1,1,1,0,0,0,0,0,0,0
646,1,1,1,0,0,0,0,0,0,0
647,1,1,1,0,0,0,0,0,0,0
648,1,1,1,0,0,0,0,0,0,0
649,1,1,1,0,0,0,0,0,0,0
650,1,1,1,0,0,0,0,0,0,0
651,1,1,1,0,0,0,0,0,0,0
652,1,1,1,0,0,0,0,0,0,0
653,1,1,1,0,0,0,0,0,0,0
654,1,1,1,0,0,0,0,0,0,0
655,1,1,1,0,0,0,0,0,0,0
656,1,1,1,0,0,0,0,0,0,0
657,1,0,1,0,0,0,0,0,0,0
658,0,1,1,0,0,0,0,0,0,0
659,0,1,1,0,0,0,0,0,0,0
660,0,1,1,0,0,0,0,0,0,0
661,1,1,1,0,0,0,0,0,0,0
662,1,1,1,0,0,0,0,0,0,0
663,1,1,1,0,0,0,0,0,0,0
664,0,0,1,0,0,0,0,0,0,0
665,0,0,1,0,0,0,0,0,0,0
666,0,0,1,0,0,0,0,0,0,0
667,0,0,1,0,0,0,0,0,0,0
668,0,0,1,0,0,0,0,0,0,0
669,0,0,1,0,0,0,0,0,0,0
670,0,0,1,0,0,0,0,0,0,0
671,1,1,1,0,0,0,0,0,0,0
672,1,1,1,0,0,0,0,0,0,0
673,1,1,1,0,0,0,0,0,0,0
674,1,1,1,0,0,0,0,0,0,0
675,1,1,1,0,0,0,0,0,0,0
676,1,1,1,0,0,0,0,0,0,0
677,1,1,1,0,0,0,0,0,0,0
678,1,1,1,0,0,0,0,0,0,0
679,1,1,1,0,0,0,0,0,0,0
680,0,0,1,0,0,0,0,0,0,0
681,0,0,1,0,0,0,0,0,0,0
682,0,0,1,0,0,0,0,0,0,0
683,0,0,1,0,0,0,0,0,0,0
684,0,0,1,0,0,0,0,0,0,0
685,0,0,1,0,0,0,0,0,0,0
686,0,0,1,0,0,0,0,0,0,0
687,0,0,1,0,0,0,0,0,0,0
688,0,0,1,0,0,0,0,0,0,0
689,0,0,1,0,0,0,0,0,0,0
690,0,0,1,0,0,0,0,0,0,0
691,0,0,1,0,0,0,0,0,0,0
692,0,0,1,0,0,0,0,0,0,0
693,0,0,1,0,0,0,0,0,0,0
694,0,0,1,0,0,0,0,0,0,0
695,0,0,1,0,0,0,0,0,0,0
696,0,0,1,0,0,0,0,0,0,0
697,0,0,1,0,0,0,0,0,0,0
698,0,0,1,0,0,0,0,0,0,0
699,1,0,1,0,0,0,0,0,0,0
700,1,0,1,0,0,0,0,0,0,0
701,1,0,1,0,0,0,0,0,0,0
702,1,0,1,0,0,0,0,0,0,0
703,1,1,1,0,0,0,0,0,0,0
704,1,1,1,0,0,0,0,0,0,0
705,1,1,1,0,0,0,0,0,0,0
706,1,1,1,0,0,0,0,0,0,0
707,1,1,1,0,0,0,0,0,0,0
708,1,1,1,0,0,0,0,0,0,0
709,1,1,1,0,0,0,0,0,0,0
710,1,1,1,0,0,0,0,0,0,0
711,1,1,1,0,0,0,0,0,0,0
712,1,1,1,0,0,0,0,0,0,0
713,1,1,1,0,0,0,0,0,0,0
714,1,1,1,0,0,0,0,0,0,0
715,1,1,1,0,0,0,0,0,0,0
716,1,1,1,0,0,0,0,0,0,0
717,1,1,1,0,0,0,0,0,0,0
718,1,1,1,0,0,0,0,0,0,0
719,1,1,1,0,0,0,0,0,0,0
720,1,1,1,0,0,0,0,0,0,0
721,1,1,1,0,0,0,0,0,0,0
722,1,1,1,0,0,0,0,0,0,0
723,1,1,1,0,0,0,0,0,0,0
724,1,1,1,0,0,0,0,0,0,0
725,0,0,1,0,0,0,0,0,0,0
726,0,0,1,0,0,0,0,0,0,0
727,0,0,1,0,0,0,0,0,0,0
728,0,0,1,0,0,0,0,0,0,0
729,0,0,1,0,0,0,0,0,0,0
730,1,1,1,0,0,0,0,0,0,0
731,1,1,1,0,0,0,0,0,0,0
732,1,1,1,0,0,0,0,0,0,0
733,1,1,1,0,0,0,0,0,0,0
734,1,1,1,0,0,0,0,0,0,0
735,1,1,1,0,0,0,0,0,0,0
736,1,1,1,0,0,0,0,0,0,0
737,1,1,1,0,0,0,0,0,0,0
738,1,1,1,0,0,0,0,0,0,0
739,1,1,1,0,0,0,0,0,0,0
740,1,1,1,0,0,0,0,0,0,0
741,1,1,1,0,0,0,0,0,0,0
742,1,1,1,0,0,0,0,0,0,0
743,1,1,1,0,0,0,0,0,0,0
744,1,1,1,0,0,0,0,0,0,0
745,1,1,1,0,0,0,0,0,0,0
746,1,1,1,0,0,0,0,0,0,0
747,1,1,1,0,0,0,0,0,0,0
748,1,1,1,0,0,0,0,0,0,0
749,1,1,1,0,0,0,0,0,0,0
750,1,1,1,0,0,0,0,0,0,0
751,1,1,1,0,0,0,0,0,0,0
752,1,1,1,0,0,0,0,0,0,0
753,1,1,1,0,0,0,0,0,0,0
754,1,1,1,0,0,0,0,0,0,0
755,1,1,1,0,0,0,0,0,0,0
756,1,1,1,0,0,0,0,0,0,0
757,1,1,1,0,0,0,0,0,0,0
758,1,1,1,0,0,0,0,0,0,0
759,1,1,1,0,0,0,0,0,0,0
760,0,0,1,0,0,0,0,0,0,0
761,1,1,1,0,0,0,0,0,0,0
762,1,1,1,0,0,0,0,0,0,0
763,1,1,1,0,0,0,0,0,0,0
764,1,1,1,0,0,0,0,0,0,0
765,1,1,1,0,0,0,0,0,0,0
766,1,1,1,0,0,0,0,0,0,0
767,1,1,1,0,0,0,0,0,0,0
768,0,1,1,0,0,0,0,0,0,0
769,1,1,1,0,0,0,0,0,0,0
770,1,1,1,0,0,0,0,0,0,0
771,1,1,1,0,0,0,0,0,0,0
772,1,1,1,0,0,0,0,0,0,0
773,1,1,1,0,0,0,0,0,0,0
774,1,1,1,0,0,0,0,0,0,0
775,1,1,1,0,0,0,0,0,0,0
776,1,1,1,0,0,0,0,0,0,0
777,1,1,1,0,0,0,0,0,0,0
778,1,1,1,0,0,0,0,0,0,0
779,1,1,1,0,0,0,0,0,0,0
780,0,1,1,0,0,0,0,0,0,0
781,0,1,1,0,0,0,0,0,0,0
782,0,1,1,0,0,0,0,0,0,0
783,0,1,1,0,0,0,0,0,0,0
784,0,1,1,0,0,0,0,0,0,0
785,0,1,1,0,0,0,0,0,0,0
786,0,1,1,0,0,0,0,0,0,0
787,0,1,1,0,0,0,0,0,0,0
788,0,1,0,0,0,0,0,0,0,0
789,0,1,0,0,0,0,0,0,0,0
790,0,1,0,0,0,0,0,0,0,0
791,0,1,0,0,0,0,0,0,0,0
792,0,1,0,0,0,0,0,0,0,0
793,0,1,0,0,0,0,0,0,0,0
794,0,1,0,0,0,0,0,0,0,0
795,0,1,0,0,0,0,0,0,0,0
796,0,1,0,0,0,0,0,0,0,0
797,0,1,0,0,0,0,0,0,0,0
798,0,1,0,0,0,0,0,0,0,0
799,0,1,0,0,0,0,0,0,0,0
800,0,1,1,0,0,0,0,0,0,0
801,0,1,1,0,0,0,0,0,0,0
802,0,1,1,0,0,0,0,0,0,0
803,0,1,1,0,0,0,0,0,0,0
804,0,1,1,0,0,0,0,0,0,0
805,0,1,1,0,0,0,0,0,0,0
806,0,1,1,0,0,0,0,0,0,0
807,0,1,1,0,0,0,0,0,0,0
808,0,1,1,0,0,0,0,0,0,0
809,0,1,1,0,0,0,0,0,0,0
810,0,1,1,0,0,0,0,0,0,0
811,0,1,1,0,0,0,0,0,0,0
812,0,1,1,0,0,0,0,0,0,0
813,0,1,1,0,0,0,0,0,0,0
814,0,1,1,0,0,0,0,0,0,0
815,0,1,1,0,0,0,0,0,0,0
816,0,1,1,0,0,0,0,0,0,0
817,0,1,1,0,0,0,0,0,0,0
818,0,1,1,0,0,0,0,0,0,0
819,0,1,1,0,0,0,0,0,0,0
820,0,1,1,0,0,0,0,0,0,0
821,1,1,1,0,0,0,0,0,0,0
822,1,1,1,0,0,0,0,0,0,0
823,1,1,1,0,0,0,0,0,0,0
824,1,1,1,0,0,0,0,0,0,0
825,1,1,1,0,0,0,0,0,0,0
826,1,1,1,0,0,0,0,0,0,0
827,1,1,1,0,0,0,0,0,0,0
828,1,1,1,0,0,0,0,0,0,0
829,1,1,1,0,0,0,0,0,0,0
830,0,1,1,0,0,0,0,0,0,0
831,0,1,1,0,0,0,0,0,0,0
832,0,1,1,0,0,0,0,0,0,0
833,0,1,1,0,0,0,0,0,0,0
834,0,1,1,0,0,0,0,0,0,0
835,0,1,1,0,0,0,0,0,0,0
836,1,1,1,0,0,0,0,0,0,0
837,1,1,1,0,0,0,0,0,0,0
838,0,1,1,0,0,0,0,0,0,0
839,0,1,1,0,0,0,0,0,0,0
840,0,1,1,0,0,0,0,0,0,0
841,0,1,1,0,0,0,0,0,0,0
842,0,1,1,0,0,0,0,0,0,0
843,0,1,1,0,0,0,0,0,0,0
844,0,1,1,0,0,0,0,0,0,0
845,0,1,1,0,0,0,0,0,0,0
846,0,1,0,0,0,0,0,0,0,0
847,0,1,0,0,0,0,0,0,0,0
848,0,1,0,0,0,0,0,0,0,0
849,0,1,0,0,0,0,0,0,0,0
850,0,1,0,0,0,0,0,0,0,0
851,0,1,0,0,0,0,0,0,0,0
852,0,1,0,0,0,0,0,0,0,0
853,0,1,0,1,0,0,0,0,0,0
854,0,1,0,1,0,0,0,0,0,0
855,0,1,0,1,0,0,0,0,0,0
856,0,1,0,1,0,0,0,0,0,0
857,0,1,0,1,0,0,0,0,0,0
858,0,1,0,1,0,0,0,0,0,0
859,0,1,0,1,0,0,0,0,0,0
860,0,1,0,1,0,0,0,0,0,0
861,0,1,0,1,0,0,0,0,0,0
862,0,1,0,1,0,0,0,0,0,0
863,0,1,0,1,0,0,0,0,0,0
864,0,1,0,1,0,0,0,0,0,0
865,0,1,0,1,0,0,0,0,0,0
866,0,1,0,1,0,0,0,0,0,0
867,0,1,0,1,0,0,0,0,0,0
868,0,1,0,1,0,0,0,0,0,0
869,0,1,0,1,0,0,0,0,0,0
870,0,1,0,1,0,0,0,0,0,0
871,0,1,0,1,0,0,0,0,0,0
872,0,1,0,1,0,0,0,0,0,0
873,0,1,0,1,0,0,0,0,0,0
874,0,1,0,1,0,0,0,0,0,0
875,0,1,0,1,0,0,0,0,0,0
876,0,1,0,1,0,0,0,0,0,0
877,0,1,0,1,0,0,0,0,0,0
878,0,1,0,1,0,0,0,0,0,0
879,0,1,0,1,0,0,0,0,0,0
880,0,1,0,1,0,0,0,0,0,0
881,0,1,0,1,0,0,0,0,0,0
882,0,1,0,1,0,0,0,0,0,0
883,0,1,0,1,0,0,0,0,0,0
884,0,1,0,1,0,0,0,0,0,0
885,0,1,0,1,0,0,0,0,0,0
886,0,1,0,1,0,0,0,0,0,0
887,0,1,0,1,0,0,0,0,0,0
888,0,1,0,1,0,0,0,0,0,0
889,0,1,0,1,0,0,0,0,0,0
890,0,1,0,1,0,0,0,0,0,0
891,0,1,0,1,0,0,0,0,0,0
892,0,1,0,1,0,0,0,0,0,0
893,0,1,0,1,0,0,0,0,0,0
894,0,1,0,1,0,0,0,0,0,0
895,0,1,0,1,0,0,0,0,0,0
896,0,1,0,1,0,0,0,0,0,0
897,0,1,0,1,0,0,0,0,0,0
898,0,1,0,1,0,0,0,0,0,0
899,0,1,0,1,0,0,0,0,0,0
900,0,1,0,1,0,0,0,0,0,0
901,0,1,0,0,0,0,0,0,0,1
902,0,1,0,0,0,0,0,0,0,1
903,0,1,0,0,0,0,0,0,0,1
904,0,1,0,0,0,0,0,0,0,1
905,0,1,0,0,0,0,0,0,0,1
906,0,1,0,0,0,0,0,0,0,1
907,0,1,0,0,0,0,0,0,0,1
908,0,1,0,0,0,0,0,0,0,1
909,0,1,0,0,0,0,0,0,0,1
910,0,1,0,0,0,0,0,0,0,1
911,0,1,0,0,0,0,0,0,0,1
912,0,1,0,0,0,0,0,0,0,1
913,0,1,0,0,0,0,0,0,0,1
914,0,1,0,0,0,0,0,0,0,0
915,0,1,0,0,0,0,0,0,0,0
916,0,1,0,0,0,0,0,0,0,0
917,0,1,0,0,0,0,0,0,0,0
918,0,1,0,0,0,0,0,0,0,0
919,0,0,0,0,0,0,0,0,0,0
920,0,0,0,0,0,0,0,0,0,0
921,0,0,0,0,0,0,0,0,0,0
922,0,0,0,0,0,0,0,0,0,0
923,0,0,0,0,0,0,0,0,0,0
924,0,0,0,0,0,0,0,0,0,0
925,0,0,0,0,0,0,0,0,0,0
926,0,0,0,0,0,0,0,0,0,0
927,0,0,0,0,0,0,0,0,0,0
928,0,0,0,0,0,0,0,0,0,0
929,1,0,0,0,0,0,0,0,0,0
930,1,0,0,0,0,0,0,0,0,0
931,1,0,0,0,0,0,0,0,0,0
932,1,0,0,0,0,0,0,0,0,0
933,1,0,0,0,0,0,0,0,0,0
934,1,0,0,0,0,0,0,0,0,0
935,1,0,0,0,0,0,0,0,0,0
936,1,0,0,0,0,0,0,0,0,0
937,1,0,0,0,0,0,0,0,0,0
938,1,0,0,0,0,0,0,0,0,0
939,1,0,0,0,0,0,0,0,0,0
940,1,0,0,0,0,0,0,0,0,0
941,1,0,0,0,0,0,0,0,0,0
942,1,0,0,0,0,0,0,0,0,0
943,1,0,0,0,0,0,0,0,1,0
944,1,0,0,0,0,0,0,0,1,0
945,1,0,0,0,0,0,0,0,1,0
946,1,0,0,0,0,0,0,0,1,0
947,1,0,0,0,0,0,0,0,1,0
948,1,0,0,0,0,0,0,0,0,0
949,1,0,0,0,0,0,0,0,0,0
950,1,0,0,0,0,0,0,0,0,0
951,1,0,0,0,0,0,0,0,0,0
952,1,0,0,0,0,0,0,0,0,0
953,1,0,0,0,0,0,0,0,0,0
954,1,0,0,0,0,0,0,0,0,0
955,1,0,0,0,0,0,0,0,0,0
956,1,0,0,0,0,0,0,0,0,0
957,1,0,0,0,0,0,0,0,0,0
958,1,0,0,0,0,0,0,0,0,0
959,1,0,0,0,0,0,0,0,0,0
960,0,0,0,0,0,0,0,0,0,0
961,0,0,0,0,0,0,0,0,0,0
962,0,0,0,0,0,0,0,0,0,0
963,0,0,0,0,0,0,0,0,0,1
964,0,0,0,0,0,0,0,0,0,0
965,0,0,0,0,0,0,0,0,0,0
966,0,0,0,0,0,0,0,0,0,0
967,0,0,0,0,0,0,0,0,0,0
968,0,0,0,0,0,0,0,0,0,0
969,0,0,0,0,0,0,0,0,0,0
970,0,0,0,0,0,0,0,0,0,0
971,0,0,0,0,0,0,0,0,0,0
972,0,0,0,0,0,0,0,0,0,0
973,0,0,0,0,0,0,0,0,0,0
974,0,0,0,0,0,0,0,0,0,0
975,0,0,0,0,0,0,0,0,0,0
976,0,0,0,0,0,0,0,0,0,0
977,0,0,0,0,0,0,0,0,0,0
978,0,0,0,0,0,0,0,0,0,0
979,0,0,0,0,0,0,0,0,0,0
980,0,0,0,0,0,0,0,0,0,0
981,0,0,0,0,0,0,0,0,0,0
982,0,0,0,0,0,0,0,0,0,0
983,0,0,0,0,0,0,0,0,0,0
984,0,0,0,0,0,0,0,0,0,0
985,0,0,0,0,0,0,0,0,0,0
986,0,0,0,0,0,0,0,0,0,0
987,0,0,0,0,0,0,0,0,0,0
988,0,0,0,0,0,0,0,0,0,0
989,0,0,0,0,0,0,0,0,0,0
990,0,0,0,0,0,0,0,0,0,0
991,0,0,0,0,0,0,0,0,0,0
992,0,0,0,0,0,0,0,0,0,0
993,0,0,0,0,0,0,0,0,0,0
994,0,0,0,0,0,0,0,0,0,0
995,0,0,0,0,0,0,0,0,0,0
996,0,0,0,0,0,0,0,0,0,0
997,0,0,0,0,0,0,0,0,0,0
998,0,0,0,0,0,0,0,0,0,0
999,0,0,0,0,0,0,0,0,0,0
1000,0,0,0,0,0,0,0,0,0,0
1001,0,0,0,0,0,0,0,0,0,0
1002,0,0,0,0,0,0,0,0,0,0
1003,0,0,0,0,0,0,0,0,0,0
1004,0,0,0,0,0,0,0,0,0,0
1005,0,0,0,0,0,0,0,0,0,0
1006,0,0,0,0,0,0,0,0,0,0
1007,0,0,0,0,0,0,0,0,0,0
1008,0,0,0,0,0,0,0,0,0,0
1009,0,0,0,0,0,0,0,0,0,0
1010,0,0,0,0,0,0,0,0,0,0
1011,0,0,0,0,0,0,0,0,0,0
1012,0,0,0,0,0,0,0,0,0,0
1013,0,0,0,0,0,0,0,0,0,0
1014,0,0,0,0,0,0,0,0,0,0
1015,0,0,0,0,0,0,0,0,0,0
1016,0,0,0,0,0,0,0,0,0,1
1017,0,0,0,0,0,0,0,0,0,1
1018,0,0,0,0,0,0,0,0,0,1
1019,0,0,0,0,0,0,0,0,0,0
1020,0,0,0,0,0,0,0,0,0,1
1021,0,0,0,0,0,0,0,0,0,1
1022,0,0,0,0,0,0,0,0,0,1
1023,0,0,0,0,0,0,0,0,0,0
1024,0,0,0,0,0,0,0,0,0,1
1025,0,0,0,0,0,0,0,0,0,1
1026,0,0,0,0,0,0,0,0,0,0
1027,0,0,0,0,0,0,0,0,0,0
1028,0,0,0,0,0,0,0,0,0,0
1029,0,0,0,1,0,0,0,0,0,0
1030,0,0,0,1,0,0,0,0,0,0
1031,0,0,0,1,0,0,0,0,0,0
1032,0,0,0,1,0,0,0,0,0,0
1033,0,0,0,1,0,0,0,0,0,0
1034,0,0,0,1,0,0,0,0,0,0
1035,0,0,0,1,0,0,0,0,0,0
1036,0,0,0,1,0,0,0,0,0,0
1037,0,0,0,1,0,0,0,0,0,0
1038,0,0,0,1,0,0,0,0,0,0
1039,0,0,0,1,0,0,0,0,0,0
1040,0,0,0,1,0,0,0,0,0,0
1041,0,0,0,1,0,0,0,0,0,0
1042,0,0,0,1,0,0,0,0,0,0
1043,0,0,0,1,0,0,0,0,0,0
1044,0,0,0,1,0,0,0,0,0,0
1045,0,0,0,1,0,0,0,0,0,0
1046,0,0,0,1,0,0,0,0,0,0
1047,0,0,0,0,0,0,0,0,0,0
1048,0,0,0,0,0,0,0,0,0,0
1049,0,0,0,0,0,0,0,0,0,0
1050,0,0,0,0,0,0,0,0,0,0
1051,0,0,0,0,0,0,0,0,0,0
1052,0,0,0,0,0,0,0,0,0,0
1053,0,0,0,0,0,0,0,0,0,0
1054,0,0,0,0,0,0,0,0,0,0
1055,0,0,0,0,0,0,0,0,0,0
1056,0,0,0,0,0,0,0,0,0,0
1057,0,0,0,0,0,0,0,0,0,0
1058,0,0,0,0,0,0,0,0,0,0
1059,0,0,0,0,0,0,0,0,0,0
1060,0,0,0,0,0,0,0,0,0,0
1061,0,0,0,0,0,0,0,0,0,0
1062,0,0,0,0,0,0,0,0,0,0
1063,0,0,0,0,0,0,0,0,0,0
1064,0,0,0,0,0,0,0,0,0,0
1065,0,0,0,0,0,0,0,0,0,0
1066,0,0,0,0,0,0,0,0,0,0
1067,0,0,0,0,0,0,0,0,0,0
1068,0,0,0,0,0,0,0,0,0,0
1069,0,0,0,0,0,0,0,0,0,0
1070,0,0,0,0,0,0,0,0,0,0
1071,0,0,0,0,0,0,0,0,0,0
1072,0,0,0,0,0,0,0,0,0,0
1073,0,0,0,0,0,0,0,0,0,1
1074,0,0,0,0,0,0,0,0,0,0
1075,0,0,0,0,0,0,0,0,0,0
1076,0,0,0,0,0,0,0,0,0,1
1077,0,0,0,0,0,0,0,0,0,1
1078,0,0,0,0,0,0,0,0,0,1
1079,0,0,0,0,0,0,0,0,0,1
1080,0,0,0,0,0,0,0,0,0,1
1081,0,0,0,0,0,0,0,0,0,1
1082,0,0,0,0,0,0,0,0,0,1
1083,0,0,0,0,0,0,0,0,0,1
1084,0,0,0,0,0,0,0,0,0,1
1085,0,0,0,0,0,0,0,0,0,0
1086,0,0,0,0,0,0,0,0,0,1
1087,0,0,0,0,0,0,0,0,0,1
1088,0,0,0,0,0,0,0,0,0,1
1089,0,0,0,0,0,0,0,0,0,0
1090,0,0,0,0,0,0,0,0,0,0
