0,0,0,0,0,0,0,0,0,0,0,0,0,0,0,0
1,0,0,0,0,0,0,0,0,0,0,0,0,0,0,0
2,0,0,0,0,0,0,0,0,0,0,0,0,0,0,0
3,0,0,0,0,0,0,0,0,0,0,0,0,0,0,0
4,0,0,0,0,0,0,0,0,0,0,0,0,0,0,0
5,0,0,0,0,0,0,0,0,0,0,0,0,0,0,0
6,0,0,0,0,0,0,0,0,0,0,0,0,0,0,0
7,0,0,0,0,0,0,0,0,0,0,0,0,0,0,0
8,0,0,0,0,0,0,0,0,0,0,0,0,0,0,0
9,0,0,0,0,0,0,0,0,0,0,0,0,0,0,0
10,0,0,0,0,0,0,0,0,0,0,0,0,0,0,0
11,0,0,0,0,0,0,0,0,0,0,0,0,0,0,0
12,0,0,0,0,0,0,0,0,0,0,0,0,0,0,0
13,0,0,0,0,0,0,0,0,0,0,0,0,0,0,0
14,0,0,0,0,0,0,0,0,0,0,0,0,0,0,0
15,0,0,0,0,0,0,0,0,0,0,0,0,0,0,0
16,0,0,0,0,0,0,0,0,0,0,0,0,0,0,0
17,0,0,0,0,0,0,0,0,0,0,0,0,0,0,0
18,0,0,0,0,0,0,0,0,0,0,0,0,0,0,0
19,0,0,0,0,0,0,0,0,0,0,0,0,0,0,0
20,0,0,0,0,0,0,0,0,0,0,0,0,0,0,0
21,0,0,0,0,0,0,0,0,0,0,0,0,0,0,0
22,0,0,0,0,0,0,0,0,0,0,0,0,0,0,0
23,0,0,0,0,0,0,0,0,0,0,0,0,0,0,0
24,0,0,0,0,0,0,0,0,0,0,0,0,0,0,0
25,0,0,0,0,0,0,0,0,0,0,0,0,0,0,0
26,0,0,0,0,0,0,0,0,0,0,0,0,0,0,0
27,0,0,0,0,0,0,0,0,0,0,0,0,0,0,0
28,0,0,0,0,0,0,0,0,0,0,0,0,0,0,0
29,0,0,0,0,0,0,0,0,0,0,0,0,0,0,0
30,0,0,0,0,0,0,0,0,0,0,0,0,0,0,0
31,0,0,0,0,0,0,0,0,0,0,0,0,0,0,0
32,0,0,0,0,0,0,0,0,0,0,0,0,0,0,0
33,0,0,0,0,0,0,0,0,0,0,0,0,0,0,0
34,0,0,0,0,0,0,0,0,0,0,0,0,0,0,0
35,0,0,0,0,0,0,0,0,0,0,0,0,0,0,0
36,0,0,0,0,0,0,0,0,0,0,0,0,0,0,0
37,0,0,0,0,0,0,0,0,0,0,0,0,0,0,0
38,0,0,0,0,0,0,0,0,0,0,0,0,0,0,0
39,0,0,0,0,0,0,0,0,0,0,0,0,0,0,0
40,0,0,0,0,0,0,0,0,0,0,0,0,0,0,0
41,0,0,0,0,0,0,0,0,0,0,0,0,0,0,0
42,0,0,0,0,0,0,0,0,0,0,0,0,0,0,0
43,0,0,0,0,0,0,0,0,0,0,0,0,0,0,0
44,0,0,0,0,0,0,0,0,0,0,0,0,0,0,0
45,0,0,0,0,0,0,0,0,0,0,0,0,0,0,0
46,0,0,0,0,0,0,0,0,0,0,0,0,0,0,0
47,0,0,0,0,0,0,0,0,0,0,0,0,0,0,0
48,0,0,0,0,0,0,0,0,0,0,0,0,0,0,0
49,0,0,0,0,0,0,0,0,0,0,0,0,0,0,0
50,0,0,0,0,0,0,0,0,0,0,0,0,0,0,0
51,0,0,0,0,0,0,0,0,0,0,0,0,0,0,0
52,0,0,0,0,0,0,0,0,0,0,0,0,0,0,0
53,0,0,0,0,0,0,0,0,0,0,0,0,0,0,0
54,0,0,0,0,0,0,0,0,0,0,0,0,0,0,0
55,0,0,0,0,0,0,0,0,0,0,0,0,0,0,0
56,0,0,0,0,0,0,0,0,0,0,0,0,0,0,0
57,0,0,0,0,0,0,0,0,0,0,0,0,0,0,0
58,0,0,0,0,0,0,0,0,0,0,0,0,0,0,0
59,0,0,0,0,0,0,0,0,0,0,0,0,0,0,0
60,0,0,0,0,0,0,0,0,0,0,0,0,0,0,0
61,0,0,0,0,0,0,0,0,0,0,0,0,0,0,0
62,0,0,0,0,0,0,0,0,0,0,0,0,0,0,0
63,0,0,0,0,0,0,0,0,0,0,0,0,0,0,0
64,0,0,0,0,0,0,0,0,0,0,0,0,0,0,0
65,0,0,0,0,0,0,0,0,0,0,0,0,0,0,0
66,0,0,0,0,0,0,0,0,0,0,0,0,0,0,0
67,0,0,0,0,0,0,0,0,0,0,1,0,0,0,0
68,0,0,0,0,0,0,0,0,0,0,1,0,0,0,0
69,0,0,0,0,0,0,0,0,0,0,1,0,0,0,0
70,0,0,0,0,0,0,0,0,0,0,1,0,0,0,0
71,0,0,0,0,0,0,0,0,0,0,1,0,0,0,0
72,0,0,0,0,0,0,0,0,0,0,1,0,0,0,0
73,0,0,0,0,0,0,0,0,0,0,1,0,0,0,0
74,0,0,0,0,0,0,0,0,0,0,1,0,0,0,0
75,0,0,0,0,0,0,0,0,0,0,1,0,0,0,0
76,0,0,0,0,0,0,0,0,0,0,1,0,0,0,0
77,0,0,0,0,0,0,0,0,0,0,1,0,0,0,0
78,0,0,0,0,0,0,0,0,0,0,1,0,0,0,0
79,0,0,0,0,0,0,0,0,0,0,1,0,0,0,0
80,0,0,0,0,0,0,0,0,0,0,1,0,0,0,0
81,0,0,0,0,0,0,0,0,0,0,1,0,0,0,0
82,0,0,0,0,0,0,0,0,0,0,1,0,0,0,0
83,0,0,0,0,0,0,0,0,0,0,1,0,0,0,0
84,0,0,0,0,0,0,0,0,0,0,1,0,0,0,0
85,0,0,0,0,0,0,0,0,0,0,1,0,0,0,0
86,0,0,0,0,0,0,0,0,0,0,1,0,0,0,0
87,0,0,0,0,0,0,0,0,0,0,1,0,0,0,0
88,0,0,0,0,0,0,0,0,0,0,1,0,0,0,0
89,0,0,0,0,0,0,0,0,0,0,1,0,0,0,0
90,0,0,0,0,0,0,0,0,0,0,1,0,0,0,0
91,0,0,0,0,0,0,0,0,0,0,0,0,0,0,0
92,0,0,0,0,0,0,0,0,0,0,0,0,0,0,0
93,0,0,0,0,0,0,0,0,0,0,0,0,0,0,0
94,0,0,0,0,0,0,0,0,0,0,0,0,0,0,0
95,0,0,0,0,0,0,0,0,0,0,0,0,0,0,0
96,0,0,0,0,0,0,0,0,0,0,0,0,0,0,0
97,0,0,0,0,0,0,0,0,0,0,0,0,0,0,0
98,0,0,0,0,0,0,0,0,0,0,0,0,0,0,0
99,0,0,0,0,0,0,0,0,0,0,0,0,0,0,0
100,0,0,0,0,0,0,0,0,0,0,0,0,0,0,0
101,0,0,0,0,0,0,0,0,0,0,0,0,0,0,0
102,0,0,0,0,0,0,0,0,0,0,0,0,0,0,0
103,0,0,0,0,0,0,0,0,0,0,0,0,0,0,0
104,0,0,0,0,0,0,0,0,0,0,0,0,0,0,0
105,0,0,0,0,0,0,0,0,0,0,0,0,0,0,0
106,0,0,0,0,0,0,0,0,0,0,0,0,0,0,0
107,0,0,0,0,0,0,0,0,0,0,0,0,0,0,0
108,0,0,0,0,0,0,0,0,0,0,0,0,0,0,0
109,0,0,0,0,0,0,0,0,0,0,0,0,0,0,0
110,0,0,0,0,0,0,0,0,0,0,0,0,0,0,0
111,0,0,0,0,0,0,0,0,0,0,0,0,0,0,0
112,0,0,0,0,0,0,0,0,0,0,0,0,0,0,0
113,0,0,0,0,0,0,0,0,0,0,0,0,0,0,0
114,0,0,0,0,0,0,0,0,0,0,0,0,0,0,0
115,0,0,0,0,0,0,0,0,0,0,0,0,0,0,0
116,0,0,0,0,0,0,0,0,0,0,0,0,0,0,0
117,0,0,0,0,0,0,0,0,0,0,0,0,0,0,0
118,0,0,0,0,0,0,0,0,0,0,0,0,0,0,0
119,0,0,0,0,0,0,0,0,0,0,0,0,0,0,0
120,0,0,0,0,0,0,0,0,0,0,0,0,0,0,0
121,0,0,0,0,0,0,0,0,0,0,0,0,0,0,0
122,0,0,0,0,0,0,0,0,0,0,0,0,0,0,0
123,0,0,0,0,0,0,0,0,0,0,0,0,0,0,0
124,0,0,0,0,0,0,0,0,0,0,0,0,0,0,0
125,0,0,0,0,0,0,0,0,0,0,0,0,0,0,0
126,0,0,0,0,0,0,0,0,0,0,0,0,0,0,0
127,0,0,0,0,0,0,0,0,0,0,0,0,0,0,0
128,0,0,0,0,0,0,0,0,0,0,0,0,0,0,0
129,0,0,0,0,0,0,0,0,0,0,0,0,0,0,0
130,0,0,0,0,0,0,0,0,0,0,0,0,0,0,0
131,0,0,0,0,0,0,0,0,0,0,0,0,0,0,0
132,0,0,0,0,0,0,0,0,0,0,0,0,0,0,0
133,0,0,0,0,0,0,0,0,0,0,0,0,0,0,0
134,0,0,0,0,0,0,0,0,0,0,0,0,0,0,1
135,0,0,0,0,0,0,0,0,0,0,0,0,0,0,1
136,0,0,0,0,0,0,0,0,0,0,0,0,0,0,0
137,1,0,0,0,0,0,0,0,0,0,0,0,0,0,0
138,1,0,0,0,0,0,0,0,0,0,0,0,0,0,0
139,1,0,0,0,0,0,0,0,0,0,0,0,0,0,0
140,1,0,0,0,0,0,0,0,0,0,0,0,0,0,0
141,1,0,0,0,0,0,0,0,0,0,0,0,0,0,0
142,1,0,0,0,0,0,0,0,0,0,0,0,0,0,0
143,1,0,0,0,0,0,0,0,0,0,0,0,0,0,0
144,1,0,0,0,0,0,0,0,0,0,0,0,0,0,0
145,1,0,0,0,0,0,0,0,0,0,0,0,0,0,0
146,1,0,0,0,0,0,0,0,0,0,0,0,0,0,0
147,1,0,0,0,0,0,0,0,0,0,0,0,0,0,0
148,1,0,0,0,0,0,0,0,0,0,0,0,0,0,0
149,1,0,0,0,0,0,0,0,0,0,0,0,0,0,0
150,1,0,0,0,0,0,0,0,0,0,0,0,0,0,1
151,1,0,0,0,0,0,0,0,0,0,0,0,0,0,1
152,0,0,0,0,0,0,0,0,0,0,0,0,0,0,1
153,0,0,0,0,0,0,0,0,0,0,0,0,0,0,0
154,0,0,0,0,0,0,0,0,0,0,0,0,0,0,0
155,1,0,0,0,0,0,0,0,0,0,0,0,0,0,0
156,1,0,0,0,0,0,0,0,0,0,0,0,0,0,1
157,1,0,0,0,0,0,0,0,0,0,0,0,0,0,1
158,1,0,0,0,0,0,0,0,0,0,0,0,0,0,0
159,0,0,0,0,0,0,0,0,0,0,0,0,0,0,0
160,0,0,0,0,0,0,0,0,0,0,0,0,0,0,0
161,0,0,0,0,0,0,0,0,0,0,0,0,0,0,0
162,0,0,0,0,0,0,0,0,0,0,0,0,0,0,0
163,1,0,0,0,0,0,0,0,0,0,0,0,0,0,0
164,1,0,0,0,0,0,0,0,0,0,0,0,0,0,0
165,1,0,0,0,0,0,0,0,0,0,0,0,0,0,0
166,1,0,0,0,0,0,0,0,0,0,0,0,0,0,0
167,1,0,0,0,0,0,0,0,0,0,0,0,0,0,0
168,1,0,0,0,0,0,0,0,0,0,0,0,0,0,0
169,1,0,0,0,0,0,0,0,0,0,0,0,0,0,0
170,1,0,0,0,0,0,0,0,0,0,0,0,0,0,0
171,1,0,0,0,0,0,0,0,0,0,0,0,0,0,0
172,1,0,0,0,0,0,0,0,0,0,0,0,0,0,0
173,1,0,0,0,0,0,0,0,0,0,0,0,0,0,0
174,1,0,0,0,0,0,0,0,0,0,0,0,0,0,0
175,1,0,0,0,0,0,0,0,0,0,0,0,0,0,0
176,0,0,0,0,0,0,0,0,0,0,0,0,0,0,0
177,0,0,0,0,0,0,0,0,0,0,0,0,0,0,0
178,0,0,0,0,0,0,0,0,0,0,0,0,0,0,0
179,0,0,0,0,0,0,0,0,0,0,0,0,0,0,0
180,0,0,0,0,0,0,0,0,0,0,0,0,0,0,0
181,0,0,0,0,0,0,0,0,0,0,0,0,0,0,0
182,0,0,0,0,0,0,0,0,0,0,0,0,0,0,1
183,0,0,0,0,0,0,0,0,0,0,0,0,0,0,1
184,0,0,0,0,0,0,0,0,0,0,0,0,0,0,0
185,1,0,0,0,0,0,0,0,0,0,0,0,0,0,0
186,0,0,0,0,0,0,0,0,0,0,0,0,0,0,0
187,0,0,0,0,0,0,0,0,0,0,0,0,0,0,0
188,0,0,0,0,0,0,0,0,0,0,0,0,0,0,0
189,0,0,0,0,0,0,0,0,0,0,0,0,0,0,0
190,0,0,0,0,0,0,0,0,0,0,0,0,0,0,0
191,0,0,0,0,0,0,0,0,0,0,0,0,0,0,0
192,0,0,0,0,0,0,0,0,0,0,0,0,0,0,0
193,0,0,0,0,0,0,0,0,0,0,0,0,0,0,0
194,0,0,0,0,0,0,0,0,0,0,0,0,0,0,0
195,0,0,0,0,0,0,0,0,0,0,0,0,0,0,0
196,0,0,0,0,0,0,0,0,0,0,0,0,0,0,0
197,1,0,0,0,0,0,0,0,0,0,0,0,0,0,0
198,1,0,0,0,0,0,0,0,0,0,0,0,0,0,0
199,1,0,0,0,0,0,0,0,0,0,0,0,0,0,0
200,1,0,0,0,0,0,0,0,0,0,0,0,0,0,0
201,1,0,0,0,0,0,0,0,0,0,0,0,0,0,0
202,1,0,0,0,0,0,0,0,0,0,0,0,0,0,1
203,1,0,0,0,0,0,0,0,0,0,0,0,0,0,1
204,1,0,0,0,0,0,0,0,0,0,0,0,0,0,1
205,1,0,0,0,0,0,0,0,0,0,0,0,0,0,0
206,1,0,0,0,0,0,0,0,0,0,0,0,0,0,1
207,1,0,0,0,0,0,0,0,0,0,0,0,0,0,0
208,1,0,0,0,0,0,0,0,0,0,0,0,0,0,0
209,1,0,0,0,0,0,0,0,0,0,0,0,0,0,0
210,1,0,0,0,0,0,0,0,0,0,0,0,0,0,0
211,1,0,0,0,0,0,0,0,0,0,0,0,0,0,0
212,1,0,0,0,0,0,0,0,0,0,0,0,0,0,0
213,1,0,0,0,0,0,0,0,0,0,0,0,0,0,1
214,1,0,0,0,0,0,0,0,0,0,0,0,0,0,1
215,1,0,0,0,0,0,0,0,0,0,0,0,0,0,1
216,1,0,0,0,0,0,0,0,0,0,0,0,0,0,1
217,1,0,0,0,0,0,0,0,0,0,0,0,0,0,1
218,1,0,0,0,0,0,0,0,0,0,0,0,0,0,1
219,1,0,0,0,0,0,0,0,0,0,0,0,0,0,1
220,1,0,0,0,0,0,0,0,0,0,0,0,0,0,1
221,1,0,0,0,0,0,0,0,0,0,0,0,0,0,1
222,1,0,0,0,0,0,0,0,0,0,0,0,0,0,1
223,1,0,0,0,0,0,0,0,0,0,0,0,0,0,1
224,1,0,0,0,0,0,0,0,0,0,0,0,0,0,1
225,1,0,0,0,0,0,0,0,0,0,0,0,0,0,1
226,1,0,0,0,0,0,0,0,0,0,0,0,0,0,1
227,1,0,0,0,0,0,0,0,0,0,0,0,0,0,1
228,1,0,0,0,0,0,0,0,0,0,0,0,0,0,1
229,1,0,0,0,0,0,0,0,0,0,0,0,0,0,1
230,1,0,0,0,0,0,0,0,0,0,0,0,0,0,1
231,1,0,0,0,0,0,0,0,0,0,0,0,0,0,1
232,1,0,0,0,0,0,0,0,0,0,0,0,0,0,1
233,1,0,0,0,0,0,0,0,0,0,0,0,0,0,1
234,0,0,0,0,0,0,0,0,0,0,0,0,0,0,1
235,0,0,0,0,0,0,0,0,0,0,0,0,0,0,1
236,0,0,0,0,0,0,0,0,0,0,0,0,0,0,1
237,0,0,0,0,0,0,0,0,0,0,0,0,0,0,1
238,0,0,0,0,0,0,0,0,0,0,0,0,0,0,1
239,1,0,0,0,0,0,0,0,0,0,0,0,0,0,1
240,1,0,0,0,0,0,0,0,0,0,0,0,0,0,1
241,1,0,0,0,0,0,0,0,0,0,0,0,0,0,1
242,1,0,0,0,0,0,0,0,0,0,0,0,0,0,1
243,1,0,0,0,0,0,0,0,0,0,0,0,0,0,1
244,1,0,0,0,0,0,0,0,0,0,0,0,0,0,1
245,1,0,0,0,0,0,0,0,0,0,0,0,0,0,1
246,1,0,0,0,0,0,0,0,0,0,0,0,0,0,1
247,1,0,0,0,0,0,0,0,0,0,0,0,0,0,1
248,1,0,0,0,0,0,0,0,0,0,0,0,0,0,1
249,1,0,0,0,0,0,0,0,0,0,0,0,0,0,1
250,1,0,0,0,0,0,0,0,0,0,0,0,0,0,1
251,1,0,0,0,0,0,0,0,0,0,0,0,0,0,1
252,1,0,0,0,0,0,0,0,0,0,0,0,0,0,1
253,1,0,0,0,0,0,0,0,0,0,0,0,0,0,1
254,1,0,0,0,0,0,0,0,0,0,0,0,0,0,1
255,1,0,0,0,0,0,0,0,0,0,0,0,0,0,1
256,1,0,0,0,0,0,0,0,0,0,0,0,0,0,0
257,1,0,0,0,0,0,0,0,0,0,0,0,0,0,0
258,1,0,0,0,0,0,0,0,0,0,0,0,0,0,0
259,1,0,0,0,0,0,0,0,0,0,0,0,0,0,0
260,1,0,0,0,0,0,0,0,0,0,0,0,0,0,0
261,1,0,0,0,0,0,0,0,0,0,0,0,0,0,0
262,1,0,0,0,0,0,0,0,0,0,0,0,0,0,0
263,1,0,0,0,0,0,0,0,0,0,0,0,0,0,0
264,1,0,0,0,0,0,0,0,0,0,0,0,0,0,0
265,1,0,0,0,0,0,0,0,0,0,0,0,0,0,0
266,0,0,0,0,0,0,0,0,0,0,0,0,0,0,0
267,0,0,0,0,0,0,0,0,0,0,0,0,0,0,0
268,0,0,0,0,0,0,0,0,0,0,0,0,0,0,0
269,0,0,0,0,0,0,0,0,0,0,0,0,0,0,0
270,0,0,0,0,0,0,0,0,0,0,0,0,0,0,0
271,1,0,0,0,0,0,0,0,0,0,0,0,0,0,0
272,1,0,0,0,0,0,0,0,0,0,0,0,0,0,0
273,0,0,0,0,0,0,0,0,0,0,0,0,0,0,0
274,0,0,0,0,0,0,0,0,0,0,0,0,0,0,0
275,0,0,0,0,0,0,0,0,0,0,0,0,0,0,0
276,0,0,0,0,0,0,0,0,0,0,0,0,0,0,0
277,0,0,0,0,0,0,0,0,0,0,0,0,0,0,0
278,0,0,0,0,0,0,0,0,0,0,0,0,0,0,0
279,0,0,0,0,0,0,0,0,0,0,0,0,0,0,0
280,1,0,0,0,0,0,0,0,0,0,0,0,0,0,0
281,0,0,0,0,0,0,0,0,0,0,0,0,0,0,0
282,0,0,0,0,0,0,0,0,0,0,0,0,0,0,0
283,1,0,0,0,0,0,0,0,0,0,0,0,0,0,0
284,1,0,0,0,0,0,0,0,0,0,0,0,0,0,0
285,1,0,0,0,0,0,0,0,0,0,0,0,0,0,0
286,1,0,0,0,0,0,0,0,0,0,0,0,0,0,0
287,1,0,0,0,0,0,0,0,0,0,0,0,0,0,0
288,1,0,0,0,0,0,0,0,0,0,0,0,0,0,0
289,1,0,0,0,0,0,0,0,0,0,0,0,0,0,0
290,1,0,0,0,0,0,0,0,0,0,0,0,0,0,0
291,1,0,0,0,0,0,0,0,0,0,0,0,0,0,0
292,1,0,0,0,0,0,0,0,0,0,0,0,0,0,1
293,1,0,0,0,0,0,0,0,0,0,0,0,0,0,1
294,1,0,0,0,0,0,0,0,0,0,0,0,0,0,1
295,1,0,0,0,0,0,0,0,0,0,0,0,0,0,1
296,1,0,0,0,0,0,0,0,0,0,0,0,0,0,1
297,1,0,0,0,0,0,0,0,0,0,0,0,0,0,1
298,1,0,0,0,0,0,0,0,0,0,0,0,0,0,1
299,1,0,0,0,0,0,0,0,0,0,0,0,0,0,1
300,1,0,0,0,0,0,0,0,0,0,0,0,0,0,1
301,1,0,0,0,0,0,0,0,0,0,0,0,0,0,1
302,1,0,0,0,0,0,0,0,0,0,0,0,0,0,1
303,1,0,0,0,0,0,0,0,0,0,0,0,0,0,1
304,1,0,0,0,0,0,0,0,0,0,0,0,0,0,1
305,1,0,0,0,0,0,0,0,0,0,0,0,0,0,1
306,1,0,0,0,0,0,0,0,0,0,0,0,0,0,1
307,1,0,0,0,0,0,0,0,0,0,0,0,0,0,1
308,1,0,0,0,0,0,0,0,0,0,0,0,0,0,1
309,1,0,0,0,0,0,0,0,0,0,0,0,0,0,1
310,1,0,0,0,0,0,0,0,0,0,0,0,0,0,1
311,1,0,0,0,0,0,0,0,0,0,0,0,0,0,1
312,1,0,0,0,0,0,0,0,0,0,0,0,0,0,1
313,1,0,0,0,0,0,0,0,0,0,0,0,0,0,1
314,1,0,0,0,0,0,0,0,0,0,0,0,0,0,1
315,1,0,0,0,0,0,0,0,0,0,0,0,0,0,1
316,1,0,0,0,0,0,0,0,0,0,0,0,0,0,1
317,1,0,0,0,0,0,0,0,0,0,0,0,0,0,1
318,1,0,0,0,0,0,0,0,0,0,0,0,0,0,1
319,1,0,0,0,0,0,0,0,0,0,0,0,0,0,1
320,1,0,0,0,0,0,0,0,0,0,0,0,0,0,1
321,1,0,0,0,0,0,0,0,0,0,0,0,0,0,1
322,1,0,0,0,0,0,0,0,0,0,0,0,0,0,1
323,1,0,0,0,0,0,0,0,0,0,0,0,0,0,1
324,1,0,0,0,0,0,0,0,0,0,0,0,0,0,1
325,1,0,0,0,0,0,0,0,0,0,0,0,0,0,1
326,1,0,0,0,0,0,0,0,0,0,0,0,0,0,1
327,1,0,0,0,0,0,0,0,0,0,0,0,0,0,1
328,1,0,0,0,0,0,0,0,0,0,0,0,0,0,1
329,1,0,0,0,0,0,0,0,0,0,0,0,0,0,1
330,1,0,0,0,0,0,0,0,0,0,0,0,0,0,1
331,1,0,0,0,0,0,0,0,0,0,0,0,0,0,1
332,1,0,0,0,0,0,0,0,0,0,0,0,0,0,1
333,1,0,0,0,0,0,0,0,0,0,0,0,0,0,1
334,1,0,0,0,0,0,0,0,0,0,0,0,0,0,1
335,1,0,0,0,0,0,0,0,0,0,0,0,0,0,1
336,1,0,0,0,0,0,0,0,0,0,0,0,0,0,1
337,1,0,0,0,0,0,0,0,0,0,0,0,0,0,1
338,1,0,0,0,0,0,0,0,0,0,0,0,0,0,1
339,1,0,0,0,0,0,0,0,0,0,0,0,0,0,1
340,1,0,0,0,0,0,0,0,0,0,0,0,0,0,1
341,1,0,0,0,0,0,0,0,0,0,0,0,0,0,1
342,1,0,0,0,0,0,0,0,0,0,0,0,0,0,1
343,1,0,0,0,0,0,0,0,0,0,0,0,0,0,1
344,1,0,0,0,0,0,0,0,0,0,0,0,0,0,1
345,1,0,0,0,0,0,0,0,0,0,0,0,0,0,1
346,1,0,0,0,0,0,0,0,0,0,0,0,0,0,1
347,1,0,0,0,0,0,0,0,0,0,0,0,0,0,1
348,1,0,0,0,0,0,0,0,0,0,0,0,0,0,1
349,1,0,0,0,0,0,0,0,0,0,0,0,0,0,1
350,1,0,0,0,0,0,0,0,0,0,0,0,0,0,1
351,1,0,0,0,0,0,0,0,0,0,0,0,0,0,0
352,1,0,0,0,0,0,0,0,0,0,0,0,0,0,0
353,1,0,0,0,0,0,0,0,0,0,0,0,0,0,0
354,1,0,0,0,0,0,0,0,0,0,0,0,0,0,0
355,1,0,0,0,0,0,0,0,0,0,0,0,0,0,0
356,1,0,0,0,0,0,0,0,0,0,0,0,0,0,0
357,1,0,0,0,0,0,0,0,0,0,0,0,0,0,0
358,1,0,0,0,0,0,0,0,0,0,0,0,0,0,0
359,1,0,0,0,0,0,0,0,0,0,0,0,0,0,0
360,1,0,0,0,0,0,0,0,0,0,0,0,0,0,0
361,1,0,0,0,0,0,0,0,0,0,0,0,0,0,0
362,1,0,0,0,0,0,0,0,0,0,0,0,0,0,0
363,1,0,0,0,0,0,0,0,0,0,0,0,0,0,1
364,1,0,0,0,0,0,0,0,0,0,0,0,0,0,1
365,1,0,0,0,0,0,0,0,0,0,0,0,0,0,1
366,1,0,0,0,0,0,0,0,0,0,0,0,0,0,1
367,1,0,0,0,0,0,0,0,0,0,0,0,0,0,1
368,1,0,0,0,0,0,0,0,0,0,0,0,0,0,1
369,1,0,0,0,0,0,0,0,0,0,0,0,0,0,1
370,1,0,0,0,0,0,0,0,0,0,0,0,0,0,1
371,1,0,0,0,0,0,0,0,0,0,0,0,0,0,1
372,1,0,0,0,0,0,0,0,0,0,0,0,0,0,1
373,1,0,0,0,0,0,0,0,0,0,0,0,0,0,1
374,1,0,0,0,0,0,0,0,0,0,0,0,0,0,1
375,1,0,0,0,0,0,0,0,0,0,0,0,0,0,1
376,1,0,0,0,0,0,0,0,0,0,0,0,0,0,1
377,1,0,0,0,0,0,0,0,0,0,0,0,0,0,1
378,1,0,0,0,0,0,0,0,0,0,0,0,0,0,1
379,1,0,0,0,0,0,0,0,0,0,0,0,0,0,1
380,1,0,0,0,0,0,0,0,0,0,0,0,0,0,1
381,1,0,0,0,0,0,0,0,0,0,0,0,0,0,1
382,1,0,0,0,0,0,0,0,0,0,0,0,0,0,1
383,1,0,0,0,0,0,0,0,0,0,0,0,0,0,1
384,1,0,0,0,0,0,0,0,0,0,0,0,0,0,1
385,1,0,0,0,0,0,0,0,0,0,0,0,0,0,1
386,1,0,0,0,0,0,0,0,0,0,0,0,0,0,1
387,1,0,0,0,0,0,0,0,0,0,0,0,0,0,1
388,1,0,0,0,0,0,0,0,0,0,0,0,0,0,1
389,1,0,0,0,0,0,0,0,0,0,0,0,0,0,1
390,1,0,0,0,0,0,0,0,0,0,0,0,0,0,1
391,1,0,0,0,0,0,0,0,0,0,0,0,0,0,1
392,1,0,0,0,0,0,0,0,0,0,0,0,0,0,1
393,1,0,0,0,0,0,0,0,0,0,0,0,0,0,1
394,1,0,0,0,0,0,0,0,0,0,0,0,0,0,1
395,1,0,0,0,0,0,0,0,0,0,0,0,0,0,1
396,1,0,0,0,0,0,0,0,0,0,0,0,0,0,1
397,1,0,0,0,0,0,0,0,0,0,0,0,0,0,1
398,1,0,0,0,0,0,0,0,0,0,0,0,0,0,1
399,1,0,0,0,0,0,0,0,0,0,0,0,0,0,1
400,1,0,0,0,0,0,0,0,0,0,0,0,0,0,1
401,1,0,0,0,0,0,0,0,0,0,0,0,0,0,1
402,1,0,0,0,0,0,0,0,0,0,0,0,0,0,1
403,1,0,0,0,0,0,0,0,0,0,0,0,0,0,1
404,1,0,0,0,0,0,0,0,0,0,0,0,0,0,1
405,1,0,0,0,0,0,0,0,0,0,0,0,0,0,1
406,1,0,0,0,0,0,0,0,0,0,0,0,0,0,1
407,1,0,0,0,0,0,0,0,0,0,0,0,0,0,1
408,1,0,0,0,0,0,0,0,0,0,0,0,0,0,1
409,1,0,0,0,0,0,0,0,0,0,0,0,0,0,1
410,1,0,0,0,0,0,0,0,0,0,0,0,0,0,1
411,1,0,0,0,0,0,0,0,0,0,0,0,0,0,1
412,1,0,0,0,0,0,0,0,0,0,0,0,0,0,1
413,1,0,0,0,0,0,0,0,0,0,0,0,0,0,1
414,1,0,0,0,0,0,0,0,0,0,0,0,0,0,1
415,1,0,0,0,0,0,0,0,0,0,0,0,0,0,1
416,1,0,0,0,0,0,0,0,0,0,0,0,0,0,1
417,1,0,0,0,0,0,0,0,0,0,0,0,0,0,1
418,1,0,0,0,0,0,0,0,0,0,0,0,0,0,1
419,1,0,0,0,0,0,0,0,0,0,0,0,0,0,1
420,1,0,0,0,0,0,0,0,0,0,0,0,0,0,1
421,1,0,0,0,0,0,0,0,0,0,0,0,0,0,1
422,0,0,0,0,0,0,0,0,0,0,0,0,0,0,1
423,0,0,0,0,0,0,0,0,0,0,0,0,0,0,1
424,0,0,0,0,0,0,0,0,0,0,0,0,0,0,1
425,0,0,0,0,0,0,0,0,0,0,0,0,0,0,1
426,0,0,0,0,0,0,0,0,0,0,0,0,0,0,1
427,0,0,1,0,0,0,0,0,0,0,0,0,0,0,0
428,0,0,1,0,0,0,0,0,0,0,0,0,0,0,0
429,0,0,1,0,0,0,0,0,0,0,0,0,0,0,0
430,0,0,1,0,0,0,0,0,0,0,0,0,0,0,0
431,0,0,1,0,0,0,0,0,0,0,0,0,0,0,0
432,0,0,1,0,0,0,0,0,0,0,0,0,0,0,0
433,1,0,0,0,0,0,0,0,0,0,0,0,0,0,0
434,1,0,0,0,0,0,0,0,0,0,0,0,0,0,0
435,1,0,0,0,0,0,0,0,0,0,0,0,0,0,0
436,1,0,0,0,0,0,0,0,0,0,0,0,0,0,0
437,1,0,0,0,0,0,0,0,0,0,0,0,0,0,0
438,1,0,0,0,0,0,0,0,0,0,0,0,0,0,0
439,1,0,0,0,0,0,0,0,0,0,0,0,0,0,0
440,1,0,0,0,0,0,0,0,0,0,0,0,0,0,0
441,1,0,0,0,0,0,0,0,0,0,0,0,0,0,0
442,1,0,0,0,0,0,0,0,0,0,0,0,0,0,0
443,1,0,0,0,0,0,0,0,0,0,0,0,0,0,0
444,1,0,0,0,0,0,0,0,0,0,0,0,0,0,0
445,1,0,0,0,0,0,0,0,0,0,0,0,0,0,0
446,1,0,0,0,0,0,0,0,0,0,0,0,0,0,0
447,1,0,0,0,0,0,0,0,0,0,0,0,0,0,0
448,1,0,0,0,0,0,0,0,0,0,0,0,0,0,0
449,1,0,0,0,0,0,0,0,0,0,0,0,0,0,0
450,1,0,0,0,0,0,0,0,0,0,0,0,0,0,0
451,1,0,0,0,0,0,0,0,0,0,0,0,0,0,0
452,1,0,0,0,0,0,0,0,0,0,0,0,0,0,0
453,1,0,0,0,0,0,0,0,0,0,0,0,0,0,0
454,1,0,0,0,0,0,0,0,0,0,0,0,0,0,0
455,1,0,0,0,0,0,0,0,0,0,0,0,0,0,0
456,1,0,0,0,0,0,0,0,0,0,0,0,0,0,0
457,1,0,0,0,0,0,0,0,0,0,0,0,0,0,0
458,1,0,0,0,0,0,0,0,0,0,0,0,0,0,0
459,1,0,0,0,0,0,0,0,0,0,0,0,0,0,0
460,1,0,0,0,0,0,0,0,0,0,0,0,0,0,0
461,1,0,0,0,0,0,0,0,0,0,0,0,0,0,0
462,1,0,0,0,0,0,0,0,0,0,0,0,0,0,0
463,1,0,0,0,0,0,0,0,0,0,0,0,0,0,0
464,1,0,0,0,0,0,0,0,0,0,0,0,0,0,0
465,1,0,0,0,0,0,0,0,0,0,0,0,0,0,0
466,1,0,0,0,0,0,0,0,0,0,0,0,0,0,0
467,1,0,0,0,0,0,0,0,0,0,0,0,0,0,0
468,1,0,0,0,0,0,0,0,0,0,0,0,0,0,0
469,1,0,0,0,0,0,0,0,0,0,0,0,0,0,0
470,1,0,0,0,0,0,0,0,0,0,0,0,0,0,0
471,1,0,0,0,0,0,0,0,0,0,0,0,0,0,0
472,1,0,0,0,0,0,0,0,0,0,0,0,0,0,0
473,1,0,0,0,0,0,0,0,0,0,0,0,0,0,0
474,1,0,0,0,0,0,0,0,0,0,0,0,0,0,0
475,1,0,0,0,0,0,0,0,0,0,0,0,0,0,0
476,1,0,0,0,0,0,0,0,0,0,0,0,0,0,1
477,1,0,0,0,0,0,0,0,0,0,0,0,0,0,1
478,1,0,0,0,0,0,0,0,0,0,0,0,0,0,1
479,1,0,0,0,0,0,0,0,0,0,0,0,0,0,0
480,1,0,0,0,0,0,0,0,0,0,0,0,0,0,0
481,1,0,0,0,0,0,0,0,0,0,0,0,0,0,0
482,1,0,0,0,0,0,0,0,0,0,0,0,0,0,0
483,1,0,0,0,0,0,0,0,0,0,0,0,0,0,0
484,1,0,0,0,0,0,0,0,0,0,0,0,0,0,0
485,1,0,0,0,0,0,0,0,0,0,0,0,0,0,0
486,1,0,0,0,0,0,0,0,0,0,0,0,0,0,0
487,1,0,0,0,0,0,0,0,0,0,0,0,0,0,0
488,1,0,0,0,0,0,0,0,0,0,0,0,0,0,0
489,1,0,0,0,0,0,0,0,0,0,0,0,0,0,0
490,1,0,0,0,0,0,0,0,0,0,0,0,0,0,0
491,1,0,0,0,0,0,0,0,0,0,0,0,0,0,0
492,1,0,0,0,0,0,0,0,0,0,0,0,0,0,0
493,1,0,0,0,0,0,0,0,0,0,0,0,0,0,0
494,1,0,0,0,0,0,0,0,0,0,0,0,0,0,0
495,1,0,0,0,0,0,0,0,0,0,0,0,0,0,0
496,1,0,0,0,0,0,0,0,0,0,0,0,0,0,0
497,1,0,0,0,0,0,0,0,0,0,0,0,0,0,0
498,1,0,0,0,0,0,0,0,0,0,0,0,0,0,0
499,1,0,0,0,0,0,0,0,0,0,0,0,0,0,0
500,0,0,0,0,0,1,0,0,0,0,0,0,0,0,0
501,1,0,0,0,0,0,0,0,0,0,0,0,0,0,0
502,1,0,0,0,0,0,0,0,0,0,0,0,0,0,0
503,1,0,0,0,0,0,0,0,0,0,0,0,0,0,0
504,1,0,0,0,0,0,0,0,0,0,0,0,0,0,0
505,1,0,0,0,0,0,0,0,0,0,0,0,0,0,0
506,1,0,0,0,0,0,0,0,0,0,0,0,0,0,0
507,1,0,0,0,0,0,0,0,0,0,0,0,0,0,0
508,1,0,0,0,0,0,0,0,0,0,0,0,0,0,0
509,1,0,0,0,0,0,0,0,0,0,0,0,0,0,0
510,1,0,0,0,0,0,0,0,0,0,0,0,0,0,0
511,1,0,0,0,0,0,0,0,0,0,0,0,0,0,0
512,1,0,0,0,0,0,0,0,0,0,0,0,0,0,1
513,1,0,0,0,0,0,0,0,0,0,0,0,0,0,1
514,1,0,0,0,0,0,0,0,0,0,0,0,0,0,1
515,1,0,0,0,0,0,0,0,0,0,0,0,0,0,1
516,1,0,0,0,0,0,0,0,0,0,0,0,0,0,1
517,1,0,0,0,0,0,0,0,0,0,0,0,0,0,1
518,1,0,0,0,0,0,0,0,0,0,0,0,0,0,1
519,1,0,0,0,0,0,0,0,0,0,0,0,0,0,1
520,1,0,0,0,0,0,0,0,0,0,0,0,0,0,1
521,1,0,0,0,0,0,0,0,0,0,0,0,0,0,1
522,1,0,0,0,0,0,0,0,0,0,0,0,0,0,1
523,1,0,0,0,0,0,0,0,0,0,0,0,0,0,1
524,1,0,0,0,0,0,0,0,0,0,0,0,0,0,1
525,1,0,0,0,0,0,0,0,0,0,0,0,0,0,1
526,1,0,0,0,0,0,0,0,0,0,0,0,0,0,1
527,1,0,0,0,0,0,0,0,0,0,0,0,0,0,1
528,1,0,0,0,0,0,0,0,0,0,0,0,0,0,1
529,1,0,0,0,0,0,0,0,0,0,0,0,0,0,1
530,1,0,0,0,0,0,0,0,0,0,0,0,0,0,0
531,1,0,0,0,0,0,0,0,0,0,0,0,0,0,0
532,1,0,0,0,0,0,0,0,0,0,0,0,0,0,0
533,1,0,0,0,0,0,0,0,0,0,0,0,0,0,0
534,1,0,0,0,0,0,0,0,0,0,0,0,0,0,0
535,1,0,0,0,0,0,0,0,0,0,0,0,0,0,0
536,1,0,0,0,0,0,0,0,0,0,0,0,0,0,0
537,1,0,0,0,0,0,0,0,0,0,0,0,0,0,0
538,1,0,0,0,0,0,0,0,0,0,0,0,0,0,0
539,1,0,0,0,0,0,0,0,0,0,0,0,0,0,0
540,1,0,0,0,0,0,0,0,0,0,0,0,0,0,0
541,1,0,0,0,0,0,0,0,0,0,0,0,0,0,0
542,1,0,0,0,0,0,0,0,0,0,0,0,0,0,0
543,1,0,0,0,0,0,0,0,0,0,0,0,0,0,0
544,1,0,0,0,0,0,0,0,0,0,0,0,0,0,0
545,1,0,0,0,0,0,0,0,0,0,0,0,0,0,0
546,1,0,0,0,0,0,0,0,0,0,0,0,0,0,0
547,1,0,0,0,0,0,0,0,0,0,0,0,0,0,0
548,1,0,0,0,0,0,0,0,0,0,0,0,0,0,0
549,1,0,0,0,0,0,0,0,0,0,0,0,0,0,0
550,1,0,0,0,0,0,0,0,0,0,0,0,0,0,0
551,1,0,0,0,0,0,0,0,0,0,0,0,0,0,0
552,1,0,0,0,0,0,0,0,0,0,0,0,0,0,0
553,1,0,0,0,0,0,0,0,0,0,0,0,0,0,0
554,1,0,0,0,0,0,0,0,0,0,0,0,0,0,0
555,1,0,0,0,0,0,0,0,0,0,0,0,0,0,0
556,1,0,0,0,0,0,0,0,0,0,0,0,0,0,0
557,1,0,0,0,0,0,0,0,0,0,0,0,0,0,0
558,1,0,0,0,0,0,0,0,0,0,0,0,0,0,0
559,1,0,0,0,0,0,0,0,0,0,0,0,0,0,0
560,1,0,0,0,0,0,0,0,0,0,0,0,0,0,0
561,1,0,0,0,0,0,0,0,0,0,0,0,0,0,0
562,1,0,0,0,0,0,0,0,0,0,0,0,0,0,0
563,1,0,0,0,0,0,0,0,0,0,0,0,0,0,0
564,1,0,0,0,0,0,0,0,0,0,0,0,0,0,0
565,1,0,0,0,0,0,0,0,0,0,0,0,0,0,0
566,1,0,0,0,0,0,0,0,0,0,0,0,0,0,0
567,1,0,0,0,0,0,0,0,0,0,0,0,0,0,0
568,1,0,0,0,0,0,0,0,0,0,0,0,0,0,0
569,1,0,0,0,0,0,0,0,0,0,0,0,0,0,0
570,1,0,0,0,0,0,0,0,0,0,0,0,0,0,0
571,1,0,0,0,0,0,0,0,0,0,0,0,0,0,0
572,1,0,0,0,0,0,0,0,0,0,0,0,0,0,0
573,1,0,0,0,0,0,0,0,0,0,0,0,0,0,0
574,1,0,0,0,0,0,0,0,0,0,0,0,0,0,0
575,1,0,0,0,0,0,0,0,0,0,0,0,0,0,0
576,1,0,0,0,0,0,0,0,0,0,0,0,0,0,0
577,1,0,0,0,0,0,0,0,0,0,0,0,0,0,0
578,1,0,0,0,0,0,0,0,0,0,0,0,0,0,0
579,1,0,0,0,0,0,0,0,0,0,0,0,0,0,0
580,1,0,0,0,0,0,0,0,0,0,0,0,0,0,0
581,1,0,0,0,0,0,0,0,0,0,0,0,0,0,0
582,1,0,0,0,0,0,0,0,0,0,0,0,0,0,0
583,1,0,0,0,0,0,0,0,0,0,0,0,0,0,0
584,1,0,0,0,0,0,0,0,0,0,0,0,0,0,0
585,1,0,0,0,0,0,0,0,0,0,0,0,0,0,0
586,1,0,0,0,0,0,0,0,0,0,0,0,0,0,0
587,1,0,0,0,0,0,0,0,0,0,0,0,0,0,0
588,1,0,0,0,0,0,0,0,0,0,0,0,0,0,0
589,1,0,0,0,0,0,0,0,0,0,0,0,0,0,0
590,1,0,0,0,0,0,0,0,0,0,0,0,0,0,0
591,1,0,0,0,0,0,0,0,0,0,0,0,0,0,0
592,1,0,0,0,0,0,0,0,0,0,0,0,0,0,0
593,1,0,0,0,0,0,0,0,0,0,0,0,0,0,0
594,1,0,0,0,0,0,0,0,0,0,0,0,0,0,0
595,1,0,0,0,0,0,0,0,0,0,0,0,0,0,0
596,1,0,0,0,0,0,0,0,0,0,0,0,0,0,0
597,1,0,0,0,0,0,0,0,0,0,0,0,0,0,0
598,1,0,0,0,0,0,0,0,0,0,0,0,0,0,0
599,1,0,0,0,0,0,0,0,0,0,0,0,0,0,0
600,1,0,0,0,0,0,0,0,0,0,0,0,0,0,0
601,1,0,0,0,0,0,0,0,0,0,0,0,0,0,0
602,1,0,0,0,0,0,0,0,0,0,0,0,0,0,0
603,1,0,0,0,0,0,0,0,0,0,0,0,0,0,0
604,1,0,0,0,0,0,0,0,0,0,0,0,0,0,0
605,1,0,0,0,0,0,0,0,0,0,0,0,0,0,0
606,1,0,0,0,0,0,0,0,0,0,0,0,0,0,0
607,1,0,0,0,0,0,0,0,0,0,0,0,0,0,0
608,1,0,0,0,0,0,0,0,0,0,0,0,0,0,0
609,1,0,0,0,0,0,0,0,0,0,0,0,0,0,0
610,1,0,0,0,0,0,0,0,0,0,0,0,0,0,0
611,1,0,0,0,0,0,0,0,0,0,0,0,0,0,0
612,1,0,0,0,0,0,0,0,0,0,0,0,0,0,0
613,1,0,0,0,0,0,0,0,0,0,0,0,0,0,0
614,1,0,0,0,0,0,0,0,0,0,0,0,0,0,0
615,1,0,0,0,0,0,0,0,0,0,0,0,0,0,0
616,1,0,0,0,0,0,0,0,0,0,0,0,0,0,0
617,1,0,0,0,0,0,0,0,0,0,0,0,0,0,0
618,1,0,0,0,0,0,0,0,0,0,0,0,0,0,0
619,1,0,0,0,0,0,0,0,0,0,0,0,0,0,0
620,1,0,0,0,0,0,0,0,0,0,0,0,0,0,0
621,1,0,0,0,0,0,0,0,0,0,0,0,0,0,0
622,1,0,0,0,0,0,0,0,0,0,0,0,0,0,0
623,1,0,0,0,0,0,0,0,0,0,0,0,0,0,0
624,1,0,0,0,0,0,0,0,0,0,0,0,0,0,0
625,1,0,0,0,0,0,0,0,0,0,0,0,0,0,0
626,1,0,0,0,0,0,0,0,0,0,0,0,0,0,0
627,1,0,0,0,0,0,0,0,0,0,0,0,0,0,0
628,1,0,0,0,0,0,0,0,0,0,0,0,0,0,0
629,1,0,0,0,0,0,0,0,0,0,0,0,0,0,0
630,1,0,0,0,0,0,0,0,0,0,0,0,0,0,0
631,1,0,0,0,0,0,0,0,0,0,0,0,0,0,0
632,1,0,0,0,0,0,0,0,0,0,0,0,0,0,0
633,1,0,0,0,0,0,0,0,0,0,0,0,0,0,0
634,1,0,0,0,0,0,0,0,0,0,0,0,0,0,0
635,1,0,0,0,0,0,0,0,0,0,0,0,0,0,0
636,1,0,0,0,0,0,0,0,0,0,0,0,0,0,0
637,1,0,0,0,0,0,0,0,0,0,0,0,0,0,0
638,1,0,0,0,0,0,0,0,0,0,0,0,0,0,0
639,1,0,0,0,0,0,0,0,0,0,0,0,0,0,0
640,1,0,0,0,0,0,0,0,0,0,0,0,0,0,0
641,1,0,0,0,0,0,0,0,0,0,0,0,0,0,0
642,1,0,0,0,0,0,0,0,0,0,0,0,0,0,0
643,1,0,0,0,0,0,0,0,0,0,0,0,0,0,0
644,1,0,0,0,0,0,0,0,0,0,0,0,0,0,0
645,1,0,0,0,0,0,0,0,0,0,0,0,0,0,0
646,1,0,0,0,0,0,0,0,0,0,0,0,0,0,0
647,1,0,0,0,0,0,0,0,0,0,0,0,0,0,0
648,1,0,0,0,0,0,0,0,0,0,0,0,0,0,0
649,1,0,0,0,0,0,0,0,0,0,0,0,0,0,0
650,1,0,0,0,0,0,0,0,0,0,0,0,0,0,0
651,1,0,0,0,0,0,0,0,0,0,0,0,0,0,0
652,1,0,0,0,0,0,0,0,0,0,0,0,0,0,0
653,1,0,0,0,0,0,0,0,0,0,0,0,0,0,0
654,1,0,0,0,0,0,0,0,0,0,0,0,0,0,0
655,1,0,0,0,0,0,0,0,0,0,0,0,0,0,0
656,1,0,0,0,0,0,0,0,0,0,0,0,0,0,0
657,1,0,0,0,0,0,0,0,0,0,0,0,0,0,1
658,1,0,0,0,0,0,0,0,0,0,0,0,0,0,1
659,1,0,0,0,0,0,0,0,0,0,0,0,0,0,1
660,1,0,0,0,0,0,0,0,0,0,0,0,0,0,1
661,1,0,0,0,0,0,0,0,0,0,0,0,0,0,1
662,1,0,0,0,0,0,0,0,0,0,0,0,0,0,1
663,0,0,0,0,0,0,0,0,0,0,0,0,0,0,1
664,0,0,0,0,0,0,0,0,0,0,0,0,0,0,1
665,1,0,0,0,0,0,0,0,0,0,0,0,0,0,1
666,1,0,0,0,0,0,0,0,0,0,0,0,0,0,1
667,1,0,0,0,0,0,0,0,0,0,0,0,0,0,1
668,0,0,0,0,0,0,0,0,0,0,0,0,0,0,1
669,0,0,0,0,0,0,0,0,0,0,0,0,0,0,1
670,0,0,0,0,0,0,0,0,0,0,0,0,0,0,1
671,0,0,0,0,0,0,0,0,0,0,0,0,0,0,0
672,1,0,0,0,0,0,0,0,0,0,0,0,0,0,0
673,1,0,0,0,0,0,0,0,0,0,0,0,0,0,0
674,1,0,0,0,0,0,0,0,0,0,0,0,0,0,0
675,1,0,0,0,0,0,0,0,0,0,0,0,0,0,0
676,1,0,0,0,0,0,0,0,0,0,0,0,0,0,0
677,1,0,0,0,0,0,0,0,0,0,0,0,0,0,0
678,1,0,0,0,0,0,0,0,0,0,0,0,0,0,0
679,1,0,0,0,0,0,0,0,0,0,0,0,0,0,1
680,1,0,0,0,0,0,0,0,0,0,0,0,0,0,1
681,0,0,0,0,0,0,0,0,0,0,0,0,0,0,1
682,1,0,0,0,0,0,0,0,0,0,0,0,0,0,1
683,1,0,0,0,0,0,0,0,0,0,0,0,0,0,1
684,1,0,0,0,0,0,0,0,0,0,0,0,0,0,1
685,1,0,0,0,0,0,0,0,0,0,0,0,0,0,1
686,1,0,0,0,0,0,0,0,0,0,0,0,0,0,1
687,1,0,0,0,0,0,0,0,0,0,0,0,0,0,1
688,1,0,0,0,0,0,0,0,0,0,0,0,0,0,1
689,1,0,0,0,0,0,0,0,0,0,0,0,0,0,1
690,1,0,0,0,0,0,0,0,0,0,0,0,0,0,1
691,1,0,0,0,0,0,0,0,0,0,0,0,0,0,1
692,1,0,0,0,0,0,0,0,0,0,0,0,0,0,1
693,1,0,0,0,0,0,0,0,0,0,0,0,0,0,0
694,1,0,0,0,0,0,0,0,0,0,0,0,0,0,0
695,1,0,0,0,0,0,0,0,0,0,0,0,0,0,0
696,1,0,0,0,0,0,0,0,0,0,0,0,0,0,0
697,1,0,0,0,0,0,0,0,0,0,0,0,0,0,0
698,1,0,0,0,0,0,0,0,0,0,0,0,0,0,0
699,1,0,0,0,0,0,0,0,0,0,0,0,0,0,0
700,1,0,0,0,0,0,0,0,0,0,0,0,0,0,0
701,1,0,0,0,0,0,0,0,0,0,0,0,0,0,0
702,1,0,0,0,0,0,0,0,0,0,0,0,0,0,0
703,1,0,0,0,0,0,0,0,0,0,0,0,0,0,0
704,1,0,0,0,0,0,0,0,0,0,0,0,0,0,0
705,1,0,0,0,0,0,0,0,0,0,0,0,0,0,0
706,1,0,0,0,0,0,0,0,0,0,0,0,0,0,0
707,1,0,0,0,0,0,0,0,0,0,0,0,0,0,0
708,1,0,0,0,0,0,0,0,0,0,0,0,0,0,0
709,1,0,0,0,0,0,0,0,0,0,0,0,0,0,0
710,0,0,0,0,0,0,0,0,0,0,0,0,0,0,0
711,0,0,0,0,0,0,0,0,0,0,0,0,0,0,0
712,0,0,0,0,0,0,0,0,0,0,0,0,0,0,0
713,0,0,0,0,0,0,0,0,0,0,0,0,0,0,0
714,0,0,0,0,0,0,0,0,0,0,0,0,0,0,0
715,0,0,0,0,0,0,0,0,0,0,0,0,0,0,0
716,0,0,0,0,0,0,0,0,0,0,0,0,0,0,0
717,0,0,0,0,0,0,0,0,0,0,0,0,0,0,0
718,0,0,0,0,0,0,0,0,0,0,0,0,0,0,0
719,0,0,0,0,0,0,0,0,0,0,0,0,0,0,0
720,0,0,0,0,0,0,0,0,0,0,0,0,0,0,0
721,0,0,0,0,0,0,0,0,0,0,0,0,0,0,0
722,0,0,0,0,0,1,0,0,0,0,0,0,0,0,0
723,0,0,0,0,0,1,0,0,0,0,0,0,0,0,1
724,0,0,0,0,0,1,0,0,0,0,0,0,0,0,1
725,0,0,0,0,0,1,0,0,0,0,0,0,0,0,1
726,0,0,0,0,0,1,0,0,0,0,0,0,0,0,1
727,0,0,0,0,0,1,0,0,0,0,0,0,0,0,1
728,0,0,0,0,0,1,0,0,0,0,0,0,0,0,1
729,0,0,0,0,0,1,0,0,0,0,0,0,0,0,1
730,0,0,0,0,0,1,0,0,0,0,0,0,0,0,1
731,0,0,0,0,0,1,0,0,0,0,0,0,0,0,1
732,0,0,0,0,0,1,0,0,0,0,0,0,0,0,1
733,0,0,0,0,0,1,0,0,0,0,0,0,0,0,1
734,0,0,0,0,0,1,0,0,0,0,0,0,0,0,1
735,0,0,0,0,0,1,0,0,0,0,0,0,0,0,1
736,0,0,0,0,0,0,0,0,0,0,0,0,0,0,0
737,0,0,0,0,0,0,0,0,0,0,0,0,0,0,0
738,1,0,0,0,0,0,0,0,0,0,0,0,0,0,0
739,1,0,0,0,0,0,0,0,0,0,0,0,0,0,0
740,1,0,0,0,0,0,0,0,0,0,0,0,0,0,0
741,1,0,0,0,0,0,0,0,0,0,0,0,0,0,0
742,1,0,0,0,0,0,0,0,0,0,0,0,0,0,0
743,1,0,0,0,0,0,0,0,0,0,0,0,0,0,0
744,1,0,0,0,0,0,0,0,0,0,0,0,0,0,0
745,1,0,0,0,0,0,0,0,0,0,0,0,0,0,0
746,0,0,0,0,0,0,0,0,0,0,0,0,0,0,0
747,0,0,0,0,0,0,0,0,0,0,0,0,0,0,0
748,0,0,0,0,0,0,0,0,0,0,0,0,0,0,0
749,0,0,0,0,0,0,0,0,0,0,0,0,0,0,0
750,0,0,0,0,0,0,0,0,0,0,0,0,0,0,0
751,1,0,0,0,0,0,0,0,0,0,0,0,0,0,0
752,1,0,0,0,0,0,0,0,0,0,0,0,0,0,0
753,1,0,0,0,0,0,0,0,0,0,0,0,0,0,0
754,1,0,0,0,0,0,0,0,0,0,0,0,0,0,0
755,1,0,0,0,0,0,0,0,0,0,0,0,0,0,0
756,1,0,0,0,0,0,0,0,0,0,0,0,0,0,0
757,1,0,0,0,0,0,0,0,0,0,0,0,0,0,0
758,1,0,0,0,0,0,0,0,0,0,0,0,0,0,0
759,1,0,0,0,0,0,0,0,0,0,0,0,0,0,0
760,1,0,0,0,0,0,0,0,0,0,0,0,0,0,0
761,1,0,0,0,0,0,0,0,0,0,0,0,0,0,0
762,1,0,0,0,0,0,0,0,0,0,0,0,0,0,0
763,0,0,0,0,0,0,0,0,0,0,0,0,0,0,0
764,1,0,0,0,0,0,0,0,0,0,0,0,0,0,0
765,1,0,0,0,0,0,0,0,0,0,0,0,0,0,0
766,1,0,0,0,0,0,0,0,0,0,0,0,0,0,0
767,1,0,0,0,0,0,0,0,0,0,0,0,0,0,0
768,1,0,0,0,0,0,0,0,0,0,0,0,0,0,0
769,1,0,0,0,0,0,0,0,0,0,0,0,0,0,0
770,1,0,0,0,0,0,0,0,0,0,0,0,0,0,0
771,1,0,0,0,0,0,0,0,0,0,0,0,0,0,0
772,1,0,0,0,0,0,0,0,0,0,0,0,0,0,0
773,1,0,0,0,0,0,0,0,0,0,0,0,0,0,0
774,1,0,0,0,0,0,0,0,0,0,0,0,0,0,0
775,1,0,0,0,0,0,0,0,0,0,0,0,0,0,0
776,1,0,0,0,0,0,0,0,0,0,0,0,0,0,0
777,1,0,0,0,0,0,0,0,0,0,0,0,0,0,0
778,1,0,0,0,0,0,0,0,0,0,0,0,0,0,0
779,1,0,0,0,0,0,0,0,0,0,0,0,0,0,0
780,1,0,0,0,0,0,0,0,0,0,0,0,0,0,0
781,1,0,0,0,0,0,0,0,0,0,0,0,0,0,0
782,1,0,0,0,0,0,0,0,0,0,0,0,0,0,0
783,1,0,0,0,0,0,0,0,0,0,0,0,0,0,0
784,1,0,0,0,0,0,0,0,0,0,0,0,0,0,0
785,1,0,0,0,0,0,0,0,0,0,0,0,0,0,0
786,1,0,0,0,0,0,0,0,0,0,0,0,0,0,0
787,1,0,0,0,0,0,0,0,0,0,0,0,0,0,0
788,1,0,0,0,0,0,0,0,0,0,0,0,0,0,0
789,1,0,0,0,0,0,0,0,0,0,0,0,0,0,0
790,1,0,0,0,0,0,0,0,0,0,0,0,0,0,0
791,1,0,0,0,0,0,0,0,0,0,0,0,0,0,0
792,1,0,0,0,0,0,0,0,0,0,0,0,0,0,0
793,1,0,0,0,0,0,0,0,0,0,0,0,0,0,0
794,1,0,0,0,0,0,0,0,0,0,0,0,0,0,0
795,1,0,0,0,0,0,0,0,0,0,0,0,0,0,0
796,1,0,0,0,0,0,0,0,0,0,0,0,0,0,0
797,1,0,0,0,0,0,0,0,0,0,0,0,0,0,0
798,1,0,0,0,0,0,0,0,0,0,0,0,0,0,0
799,1,0,0,0,0,0,0,0,0,0,0,0,0,0,0
800,1,0,0,0,0,0,0,0,0,0,0,0,0,0,0
801,1,0,0,0,0,0,0,0,0,0,0,0,0,0,1
802,0,0,0,0,0,0,0,0,0,0,0,0,0,0,1
803,1,0,0,0,0,0,0,0,0,0,0,0,0,0,1
804,1,0,0,0,0,0,0,0,0,0,0,0,0,0,1
805,1,0,0,0,0,0,0,0,0,0,0,0,0,0,1
806,1,0,0,0,0,0,0,0,0,0,0,0,0,0,1
807,0,0,0,0,0,0,0,0,0,0,0,0,0,0,1
808,0,0,0,0,0,0,0,0,0,0,0,0,0,0,1
809,1,0,0,0,0,0,0,0,0,0,0,0,0,0,1
810,1,0,0,0,0,0,0,0,0,0,0,0,0,0,0
811,1,0,0,0,0,0,0,0,0,0,0,0,0,0,0
812,1,0,0,0,0,0,0,0,0,0,0,0,0,0,0
813,1,0,0,0,0,0,0,0,0,0,0,0,0,0,0
814,1,0,0,0,0,0,0,0,0,0,0,0,0,0,0
815,1,0,0,0,0,0,0,0,0,0,0,0,0,0,0
816,1,0,0,0,0,0,0,0,0,0,0,0,0,0,0
817,1,0,0,0,0,0,0,0,0,0,0,0,0,0,0
818,1,0,0,0,0,0,0,0,0,0,0,0,0,0,0
819,1,0,0,0,0,0,0,0,0,0,0,0,0,0,0
820,1,0,0,0,0,0,0,0,0,0,0,0,0,0,0
821,1,0,0,0,0,0,0,0,0,0,0,0,0,0,0
822,1,0,0,0,0,0,0,0,0,0,0,0,0,0,0
823,1,0,0,0,0,0,0,0,0,0,0,0,0,0,0
824,1,0,0,0,0,0,0,0,0,0,0,0,0,0,0
825,1,0,0,0,0,0,0,0,0,0,0,0,0,0,0
826,1,0,0,0,0,0,0,0,0,0,0,0,0,0,0
827,1,0,0,0,0,0,0,0,0,0,0,0,0,0,0
828,1,0,0,0,0,0,0,0,0,0,0,0,0,0,0
829,1,0,0,0,0,0,0,0,0,0,0,0,0,0,0
830,1,0,0,0,0,0,0,0,0,0,0,0,0,0,0
831,1,0,0,0,0,0,0,0,0,0,0,0,0,0,0
832,1,0,0,0,0,0,0,0,0,0,0,0,0,0,0
833,1,0,0,0,0,0,0,0,0,0,0,0,0,0,0
834,1,0,0,0,0,0,0,0,0,0,0,0,0,0,0
835,1,0,0,0,0,0,0,0,0,0,0,0,0,0,0
836,1,0,0,0,0,0,0,0,0,0,0,0,0,0,0
837,1,0,0,0,0,0,0,0,0,0,0,0,0,0,0
838,1,0,0,0,0,0,0,0,0,0,0,0,0,0,0
839,1,0,0,0,0,0,0,0,0,0,0,0,0,0,0
840,1,0,0,0,0,0,0,0,0,0,0,0,0,0,0
841,1,0,0,0,0,0,0,0,0,0,0,0,0,0,0
842,1,0,0,0,0,0,0,0,0,0,0,0,0,0,0
843,1,0,0,0,0,0,0,0,0,0,0,0,0,0,0
844,1,0,0,0,0,0,0,0,0,0,0,0,0,0,0
845,1,0,0,0,0,0,0,0,0,0,0,0,0,0,0
846,1,0,0,0,0,0,0,0,0,0,0,0,0,0,0
847,1,0,0,0,0,0,0,0,0,0,0,0,0,0,0
848,1,0,0,0,0,0,0,0,0,0,0,0,0,0,0
849,1,0,0,0,0,0,0,0,0,0,0,0,0,0,0
850,1,0,0,0,0,0,0,0,0,0,0,0,0,0,0
851,1,0,0,0,0,0,0,0,0,0,0,0,0,0,0
852,1,0,0,0,0,0,0,0,0,0,0,0,0,0,0
853,1,0,0,0,0,0,0,0,0,0,0,0,0,0,0
854,1,0,0,0,0,0,0,0,0,0,0,0,0,0,0
855,1,0,0,0,0,0,0,0,0,0,0,0,0,0,0
856,1,0,0,0,0,0,0,0,0,0,0,0,0,0,0
857,1,0,0,0,0,0,0,0,0,0,0,0,0,0,0
858,1,0,1,0,0,0,0,0,0,0,0,0,0,0,0
859,1,0,1,0,0,0,0,0,0,0,0,0,0,0,0
860,1,0,1,0,0,0,0,0,0,0,0,0,0,0,0
861,1,0,1,0,0,0,0,0,0,0,0,0,0,0,0
862,1,0,1,0,0,0,0,0,0,0,0,0,0,0,0
863,1,0,1,0,0,0,0,0,0,0,0,0,0,0,0
864,1,0,1,0,0,0,0,0,0,0,0,0,0,0,0
865,0,0,1,0,0,0,0,0,0,0,0,0,0,0,0
866,0,0,1,0,0,0,0,0,0,0,0,0,0,0,0
867,0,0,1,0,0,0,0,0,0,0,0,0,0,0,0
868,0,0,1,0,0,0,0,0,0,0,0,0,0,0,0
869,0,0,1,0,0,0,0,0,0,0,0,0,0,0,0
870,0,0,1,0,0,0,0,0,0,0,0,0,0,0,0
871,0,0,1,0,0,0,0,0,0,0,0,0,0,0,0
872,0,0,1,0,0,0,0,0,0,0,0,0,0,0,0
873,0,0,1,0,0,0,0,0,0,0,0,0,0,0,0
874,0,0,1,0,0,0,0,0,0,0,0,0,0,0,0
875,0,0,1,0,0,0,0,0,0,0,0,0,0,0,0
876,0,0,1,0,0,0,0,0,0,0,0,0,0,0,0
877,0,0,1,0,0,0,0,0,0,0,0,0,0,0,0
878,0,0,1,0,0,0,0,0,0,0,0,0,0,0,0
879,0,0,1,0,0,0,0,0,0,0,0,0,0,0,0
880,0,0,1,0,0,0,0,0,0,0,0,0,0,0,0
881,0,0,1,0,0,0,0,0,0,0,0,0,0,0,0
882,0,0,1,0,0,0,0,0,0,0,0,0,0,0,0
883,0,0,1,0,0,0,0,0,0,0,0,0,0,0,0
884,0,0,1,0,0,0,0,0,0,0,0,0,0,0,0
885,0,0,1,0,0,0,0,0,0,0,0,0,0,0,0
886,0,0,1,0,0,0,0,0,0,0,0,0,0,0,0
887,0,0,1,0,0,0,0,0,0,0,0,0,0,0,0
888,0,0,1,0,0,0,0,0,0,0,0,0,0,0,0
889,1,0,1,0,0,0,0,0,0,0,0,0,0,0,0
890,1,0,1,0,0,0,0,0,0,0,0,0,0,0,0
891,1,0,0,0,0,0,0,0,0,0,0,0,0,0,0
892,0,0,0,0,0,0,0,0,0,0,0,0,0,0,0
893,1,0,0,0,0,0,0,0,0,0,0,0,0,0,0
894,1,0,0,0,0,0,0,0,0,0,0,0,0,0,0
895,1,0,0,0,0,0,0,0,0,0,0,0,0,0,0
896,1,0,0,0,0,0,0,0,0,0,0,0,0,0,0
897,0,0,0,0,0,0,0,0,0,0,0,0,0,0,0
898,1,0,0,1,0,0,0,0,0,0,0,0,0,0,0
899,1,0,0,1,0,0,0,0,0,0,0,0,0,0,0
900,1,0,0,1,0,0,0,0,0,0,0,0,0,0,0
901,1,0,0,1,0,0,0,0,0,0,0,0,0,0,0
902,1,0,0,1,0,0,0,0,0,0,0,0,0,0,0
903,1,0,0,1,0,0,0,0,0,0,0,0,0,0,0
904,1,0,0,1,0,0,0,0,0,0,0,0,0,0,0
905,1,0,0,1,0,0,0,0,0,0,0,0,0,0,0
906,1,0,0,1,0,0,0,0,0,0,0,0,0,0,0
907,1,0,0,1,0,0,0,0,0,0,0,0,0,0,0
908,1,0,0,1,0,0,0,0,0,0,0,0,0,0,0
909,1,0,0,1,0,0,0,0,0,0,0,0,0,0,0
910,1,0,0,1,0,0,0,0,0,0,0,0,0,0,0
911,1,0,0,1,0,0,0,0,0,0,0,0,0,0,0
912,1,0,0,1,0,0,0,0,0,0,0,0,0,0,0
913,1,0,0,1,0,0,0,0,0,0,0,0,0,0,0
914,1,0,0,1,0,0,0,0,0,0,0,0,0,0,0
915,1,0,0,1,0,0,0,0,0,0,0,0,0,0,0
916,1,0,0,1,0,0,0,0,0,0,0,0,0,0,0
917,1,0,0,1,0,0,0,0,0,0,0,0,0,0,0
918,1,0,0,1,0,0,0,0,0,0,0,0,0,0,0
919,1,0,0,1,0,0,0,0,0,0,0,0,0,0,0
920,1,0,0,1,0,0,0,0,0,0,0,0,0,0,0
921,1,0,0,1,0,0,0,0,0,0,0,0,0,0,0
922,1,0,0,1,0,0,0,0,0,0,0,0,0,0,0
923,1,0,1,0,0,0,0,0,0,0,0,0,0,0,0
924,0,0,1,0,0,0,0,0,0,0,0,0,0,0,0
925,0,0,1,0,0,0,0,0,0,0,0,0,0,0,0
926,0,0,1,0,0,0,0,0,0,0,0,0,0,0,0
927,0,0,1,0,0,0,0,0,0,0,0,0,0,0,0
928,0,0,1,0,0,0,0,0,0,0,0,0,0,0,0
929,0,0,1,0,0,0,0,0,0,0,0,0,0,0,0
930,0,0,1,0,0,0,0,0,0,0,0,0,0,0,0
931,0,0,1,0,0,0,0,0,0,0,0,0,0,0,0
932,0,0,1,0,0,0,0,0,0,0,0,0,0,0,0
933,0,0,1,0,0,0,0,0,0,0,0,0,0,0,0
934,0,0,1,0,0,0,0,0,0,0,0,0,0,0,0
935,0,0,1,0,0,0,0,0,0,0,0,0,0,0,0
936,0,0,1,0,0,0,0,0,0,0,0,0,0,0,0
937,0,0,1,0,0,0,0,0,0,0,0,0,0,0,0
938,0,0,1,0,0,0,0,0,0,0,0,0,0,0,0
939,0,0,0,0,0,0,0,0,0,0,0,0,0,0,0
940,1,0,0,0,0,0,0,0,0,0,0,0,0,0,0
941,1,0,0,0,0,0,0,0,0,0,0,0,0,0,0
942,1,0,0,0,0,0,0,0,0,0,0,0,0,0,0
943,1,0,0,1,0,0,0,0,0,0,0,0,0,0,0
944,1,0,0,1,0,0,0,0,0,0,0,0,0,0,0
945,0,0,0,1,0,0,0,0,0,0,0,0,0,0,0
946,0,0,0,1,0,0,0,0,0,0,0,0,0,0,0
947,0,0,0,1,0,0,0,0,0,0,0,0,0,0,0
948,0,0,0,1,0,0,0,0,0,0,0,0,0,0,0
949,0,0,1,0,0,0,0,0,0,0,0,0,0,0,0
950,0,0,1,0,0,0,0,0,0,0,0,0,0,0,0
951,0,0,1,0,0,0,0,0,0,0,0,0,0,0,0
952,0,0,1,0,0,0,0,0,0,0,0,0,0,0,0
953,0,0,1,0,0,0,0,0,0,0,0,0,0,0,0
954,0,0,1,0,0,0,0,0,0,0,0,0,0,0,0
955,0,0,1,0,0,0,0,0,0,0,0,0,0,0,0
956,0,0,1,0,0,0,0,0,0,0,0,0,0,0,0
957,0,0,1,0,0,0,0,0,0,0,0,0,0,0,0
958,0,0,1,0,0,0,0,0,0,0,0,0,0,0,0
959,0,0,1,0,0,0,0,0,0,0,0,0,0,0,0
960,0,0,1,0,0,0,0,0,0,0,0,0,0,0,0
961,0,0,1,0,0,0,0,0,0,0,0,0,0,0,0
962,0,0,1,0,0,0,0,0,0,0,0,0,0,0,0
963,0,0,1,0,0,0,0,0,0,0,0,0,0,0,0
964,0,0,0,0,0,0,0,0,0,0,0,0,0,0,0
965,0,0,0,0,0,0,0,0,0,0,0,0,0,0,0
966,1,0,0,0,0,0,0,0,0,0,0,0,0,0,0
967,1,0,0,0,0,0,0,0,0,0,0,0,0,0,0
968,1,0,0,0,0,0,0,0,0,0,0,0,0,0,0
969,1,0,0,0,0,0,0,0,0,0,0,0,0,0,0
970,1,0,0,0,0,0,0,0,0,0,0,0,0,0,0
971,1,0,0,0,0,0,0,0,0,0,0,0,0,0,0
972,1,0,0,0,0,0,0,0,0,0,0,0,0,0,0
973,1,0,0,0,0,0,0,0,0,0,0,0,0,0,0
974,1,0,0,0,0,0,0,0,0,0,0,0,0,0,0
975,1,0,0,0,0,0,0,0,0,0,0,0,0,0,0
976,1,0,0,0,0,0,0,0,0,0,0,0,0,0,0
977,1,0,0,0,0,0,0,0,0,0,0,0,0,0,0
978,1,0,0,0,0,0,0,0,0,0,0,0,0,0,0
979,1,0,0,0,0,0,0,0,0,0,0,0,0,0,0
980,1,0,0,0,0,0,0,0,0,0,0,0,0,0,0
981,1,0,0,0,0,0,0,0,0,0,0,0,0,0,0
982,1,0,0,0,0,0,0,0,0,0,0,0,0,0,0
983,1,0,0,0,0,0,0,0,0,0,0,0,0,0,0
984,1,0,0,0,0,0,0,0,0,0,0,0,0,0,0
985,1,0,0,0,0,0,0,0,0,0,0,0,0,0,0
986,1,0,0,0,0,0,0,0,0,0,0,0,0,0,0
987,1,0,0,0,0,0,0,0,0,0,0,0,0,0,0
988,1,0,0,0,0,0,0,0,0,0,0,0,0,0,1
989,1,0,0,0,0,0,0,0,0,0,0,0,0,0,1
990,1,0,0,0,0,0,0,0,0,0,0,0,0,0,1
991,0,0,0,0,0,0,0,0,0,0,0,0,0,0,1
992,0,0,0,0,0,0,0,0,0,0,0,0,0,0,1
993,0,0,0,0,0,0,0,0,0,0,0,0,0,0,1
994,0,0,0,0,0,0,0,0,0,0,0,0,0,0,1
995,0,0,0,0,0,0,0,0,0,0,0,0,0,0,1
996,0,0,0,0,0,0,0,0,0,0,0,0,0,0,1
997,0,0,0,0,0,0,0,0,0,0,0,0,0,0,1
998,0,0,0,0,0,0,0,0,0,0,0,0,0,0,1
999,0,0,0,0,0,0,0,0,0,0,0,0,0,0,1
1000,0,0,0,0,0,0,0,0,0,0,0,0,0,0,1
1001,1,0,0,0,0,0,0,0,0,0,0,0,0,0,1
1002,0,0,0,0,0,0,0,0,0,0,0,0,0,0,1
1003,0,0,0,0,0,0,0,0,0,0,0,0,0,0,1
1004,0,0,0,0,0,0,0,0,0,0,0,0,0,0,1
1005,0,0,0,0,0,0,0,0,0,0,0,0,0,0,1
1006,0,0,0,0,0,0,0,0,0,0,0,0,0,0,1
1007,0,0,0,0,0,0,0,0,0,0,0,0,0,0,1
1008,0,0,0,0,0,0,0,0,0,0,0,0,0,0,1
1009,0,0,0,0,0,0,0,0,0,0,0,0,0,0,1
1010,0,0,0,0,0,0,0,0,0,0,0,0,0,0,1
1011,0,0,0,0,0,0,0,0,0,0,0,0,0,0,1
1012,0,0,0,0,0,0,0,0,0,0,0,0,0,0,1
1013,0,0,0,0,0,0,0,0,0,0,0,0,0,0,1
1014,0,0,0,0,0,0,0,0,0,0,0,0,0,0,1
1015,0,0,0,0,0,0,0,0,0,0,0,0,0,0,1
1016,0,0,0,0,0,0,0,0,0,0,0,0,0,0,1
1017,0,0,0,0,0,0,0,0,0,0,0,0,0,0,1
1018,1,0,0,0,0,0,0,0,0,0,0,0,0,0,1
1019,1,0,0,0,0,0,0,0,0,0,0,0,0,0,1
1020,1,0,0,0,0,0,0,0,0,0,0,0,0,0,1
1021,1,0,0,0,0,0,0,0,0,0,0,0,0,0,0
1022,1,0,0,0,0,0,0,0,0,0,0,0,0,0,0
1023,1,0,0,0,0,0,0,0,0,0,0,0,0,0,0
1024,1,0,0,0,0,0,0,0,0,0,0,0,0,0,0
1025,1,0,0,0,0,0,0,0,0,0,0,0,0,0,0
1026,1,0,0,0,0,0,0,0,0,0,0,0,0,0,0
1027,1,0,0,0,0,0,0,0,0,0,0,0,0,0,0
1028,1,0,0,0,0,0,0,0,0,0,0,0,0,0,0
1029,1,0,0,0,0,0,0,0,0,0,0,0,0,0,0
1030,1,0,0,0,0,0,0,0,0,0,0,0,0,0,0
1031,1,0,0,0,0,0,0,0,0,0,0,0,0,0,0
1032,1,0,0,0,0,0,0,0,0,0,0,0,0,0,0
1033,1,0,0,0,0,0,0,0,0,0,0,0,0,0,0
1034,1,0,0,0,0,0,0,0,0,0,0,0,0,0,0
1035,1,0,0,0,0,0,0,0,0,0,0,0,0,0,0
1036,1,0,0,0,0,0,0,0,0,0,0,0,0,0,0
1037,1,0,0,0,0,0,0,0,0,0,0,0,0,0,0
1038,1,0,0,0,0,0,0,0,0,0,0,0,0,0,0
1039,0,0,0,0,0,0,0,0,0,0,0,0,0,0,0
1040,1,0,0,0,0,0,0,0,0,0,0,0,0,0,0
1041,1,0,0,0,0,0,0,0,0,0,0,0,0,0,0
1042,1,0,0,0,0,0,0,0,0,0,0,0,0,0,0
1043,1,0,0,0,0,0,0,0,0,0,0,0,0,0,0
1044,1,0,0,0,0,0,0,0,0,0,0,0,0,0,0
1045,1,0,0,0,0,0,0,0,0,0,0,0,0,0,0
1046,1,0,0,0,0,0,0,0,0,0,0,0,0,0,0
1047,1,0,0,0,0,0,0,0,0,0,0,0,0,0,0
1048,1,0,0,0,0,0,0,0,0,0,0,0,0,0,0
1049,1,0,0,0,0,0,0,0,0,0,0,0,0,0,0
1050,1,0,0,0,0,0,0,0,0,0,0,0,0,0,0
1051,1,0,0,0,0,0,0,0,0,0,0,0,0,0,0
1052,1,0,0,0,0,0,0,0,0,0,0,0,0,0,0
1053,1,0,0,0,0,0,0,0,0,0,0,0,0,0,0
1054,1,0,0,0,0,0,0,0,0,0,0,0,0,0,0
1055,1,0,0,0,0,0,0,0,0,0,0,0,0,0,0
1056,1,0,0,0,0,0,0,0,0,0,0,0,0,0,0
1057,1,0,0,0,0,0,0,0,0,0,0,0,0,0,0
1058,1,0,0,0,0,0,0,0,0,0,0,0,0,0,0
1059,1,0,0,0,0,0,0,0,0,0,0,0,0,0,0
1060,1,0,0,0,0,0,0,0,0,0,0,0,0,0,0
1061,1,0,0,0,0,0,0,0,0,0,0,0,0,0,0
1062,1,0,0,0,0,0,0,0,0,0,0,0,0,0,0
1063,1,0,0,0,0,0,0,0,0,0,0,0,0,0,0
1064,1,0,0,0,0,0,0,0,0,0,0,0,0,0,0
1065,1,0,0,0,0,0,0,0,0,0,0,0,0,0,0
1066,1,0,0,0,0,0,0,0,0,0,0,0,0,0,0
1067,1,0,0,0,0,0,0,0,0,0,0,0,0,0,0
1068,1,0,0,0,0,0,0,0,0,0,0,0,0,0,0
1069,1,0,0,0,0,0,0,0,0,0,0,0,0,0,0
1070,1,0,0,0,0,0,0,0,0,0,0,0,0,0,0
1071,1,0,0,0,0,0,0,0,0,0,0,0,0,0,0
1072,1,0,0,0,0,0,0,0,0,0,0,0,0,0,0
1073,1,0,0,0,0,0,0,0,0,0,0,0,0,0,0
1074,1,0,0,0,0,0,0,0,0,0,0,0,0,0,0
1075,1,0,0,0,0,0,0,0,0,0,0,0,0,0,0
1076,1,0,0,0,0,0,0,0,0,0,0,0,0,0,0
1077,1,0,0,0,0,0,0,0,0,0,0,0,0,0,0
1078,1,0,0,0,0,0,0,0,0,0,0,0,0,0,1
1079,1,0,0,0,0,0,0,0,0,0,0,0,0,0,1
1080,1,0,0,0,0,0,0,0,0,0,0,0,0,0,1
1081,1,0,0,0,0,0,0,0,0,0,0,0,0,0,1
1082,1,0,0,0,0,0,0,0,0,0,0,0,0,0,1
1083,1,0,0,0,0,0,0,0,1,0,0,0,0,0,1
1084,1,0,0,0,0,0,0,0,1,0,0,0,0,0,1
1085,1,0,0,0,0,0,0,0,1,0,0,0,0,0,1
1086,1,0,0,0,0,0,0,0,1,0,0,0,0,0,1
1087,1,0,0,0,0,0,0,0,1,0,0,0,0,0,1
1088,1,0,0,0,0,0,0,0,1,0,0,0,0,0,0
1089,1,0,0,0,0,0,0,0,1,0,0,0,0,0,0
1090,1,0,0,0,0,0,0,0,1,0,0,0,0,0,0
1091,1,0,0,0,0,0,0,0,1,0,0,0,0,0,0
1092,1,0,0,0,0,0,0,0,1,0,0,0,0,0,0
1093,1,0,0,0,0,0,0,0,1,0,0,0,0,0,0
1094,1,0,0,0,0,0,0,0,1,0,0,0,0,0,0
1095,0,0,0,0,0,0,0,0,1,0,0,0,0,0,0
1096,0,0,0,0,0,0,0,0,1,0,0,0,0,0,0
1097,1,0,0,0,0,0,0,0,1,0,0,0,0,0,0
1098,1,0,0,0,0,0,0,0,1,0,0,0,0,0,0
1099,1,0,0,0,0,0,0,0,1,0,0,0,0,0,0
1100,1,0,0,0,0,0,0,0,1,0,0,0,0,0,0
1101,1,0,0,0,0,0,0,0,1,0,0,0,0,0,0
1102,1,0,0,0,0,0,0,0,1,0,0,0,0,0,0
1103,1,0,0,0,0,0,0,0,1,0,0,0,0,0,0
1104,1,0,0,0,0,0,0,0,1,0,0,0,0,0,0
1105,1,0,0,0,0,0,0,0,1,0,0,0,0,0,0
1106,1,0,0,0,0,0,0,0,1,0,0,0,0,0,0
1107,1,0,0,0,0,0,0,0,1,0,0,0,0,0,0
1108,1,0,0,0,0,0,0,0,1,0,0,0,0,0,0
1109,1,0,0,0,0,0,0,0,1,0,0,0,0,0,0
1110,1,0,0,0,0,0,0,0,1,0,0,0,0,0,0
1111,1,0,0,0,0,0,0,0,1,0,0,0,0,0,0
1112,1,0,0,0,0,0,0,0,1,0,0,0,0,0,0
1113,1,0,0,0,0,0,0,0,1,0,0,0,0,0,0
1114,1,0,0,0,0,0,0,0,1,0,0,0,0,0,0
1115,1,0,0,0,0,0,0,0,1,0,0,0,0,0,0
1116,1,0,0,0,0,0,0,0,1,0,0,0,0,0,0
1117,1,0,0,0,0,0,0,0,1,0,0,0,0,0,0
1118,1,0,0,0,0,0,0,0,1,0,0,0,0,0,0
1119,1,0,0,0,0,0,0,0,1,0,0,0,0,0,0
1120,1,0,0,0,0,0,0,0,1,0,0,0,0,0,0
1121,1,0,0,0,0,0,0,0,1,0,0,0,0,0,0
1122,1,0,0,0,0,0,0,0,1,0,0,0,0,0,0
1123,1,0,0,0,0,0,0,0,1,0,0,0,0,0,0
1124,1,0,0,0,0,0,0,0,1,0,0,0,0,0,0
1125,1,0,0,0,0,0,0,0,1,0,0,0,0,0,0
1126,1,0,0,0,0,0,0,0,1,0,0,0,0,0,0
1127,1,0,0,0,0,0,0,0,1,0,0,0,0,0,0
1128,1,0,0,0,0,0,0,0,1,0,0,0,0,0,0
1129,1,0,0,0,0,0,0,0,1,0,0,0,0,0,0
1130,1,0,0,0,0,0,0,0,1,0,0,0,0,0,0
1131,1,0,0,0,0,0,0,0,1,0,0,0,0,0,0
1132,1,0,0,0,0,0,0,0,1,0,0,0,0,0,0
1133,1,0,0,0,0,0,0,0,1,0,0,0,0,0,0
1134,1,0,0,0,0,0,0,0,1,0,0,0,0,0,0
1135,1,0,0,0,0,0,0,0,1,0,0,0,0,0,0
1136,1,0,0,0,0,0,0,0,1,0,0,0,0,0,0
1137,1,0,0,0,0,0,0,0,1,0,0,0,0,0,0
1138,1,0,0,0,0,0,0,0,1,0,0,0,0,0,0
1139,1,0,0,0,0,0,0,0,1,0,0,0,0,0,0
1140,1,0,0,0,0,0,0,0,1,0,0,0,0,0,0
1141,1,0,0,0,0,0,0,0,1,0,0,0,0,0,0
1142,1,0,0,0,0,0,0,0,1,0,0,0,0,0,0
1143,1,0,0,0,0,0,0,0,1,0,0,0,0,0,0
1144,1,0,0,0,0,0,0,0,1,0,0,0,0,0,0
1145,1,0,0,0,0,0,0,0,1,0,0,0,0,0,0
1146,1,0,0,0,0,0,0,0,1,0,0,0,0,0,0
1147,1,0,0,0,0,0,0,0,1,0,0,0,0,0,0
1148,1,0,0,0,0,0,0,0,1,0,0,0,0,0,0
1149,1,0,0,0,0,0,0,0,1,0,0,0,0,0,0
1150,1,0,0,0,0,0,0,0,1,0,0,0,0,0,0
1151,1,0,0,0,0,0,0,0,1,0,0,0,0,0,0
1152,1,0,0,0,0,0,0,0,1,0,0,0,0,0,0
1153,1,0,0,0,0,0,0,0,1,0,0,0,0,0,0
1154,1,0,0,0,0,0,0,0,1,0,0,0,0,0,0
1155,1,0,0,0,0,0,0,0,1,0,0,0,0,0,0
1156,1,0,0,0,0,0,0,0,1,0,0,0,0,0,0
1157,1,0,0,0,0,0,0,0,1,0,0,0,0,0,0
1158,1,0,0,0,0,0,0,0,1,0,0,0,0,0,0
1159,1,0,0,0,0,0,0,0,1,0,0,0,0,0,0
1160,1,0,0,0,0,0,0,0,1,0,0,0,0,0,0
1161,1,0,0,0,0,0,0,0,1,0,0,0,0,0,0
1162,1,0,0,0,0,0,0,0,1,0,0,0,0,0,0
1163,1,0,0,0,0,0,0,0,1,0,0,0,0,0,0
1164,1,0,0,0,0,0,0,0,1,0,0,0,0,0,0
1165,1,0,0,0,0,0,0,0,1,0,0,0,0,0,0
1166,1,0,0,0,0,0,0,0,1,0,0,0,0,0,0
1167,1,0,0,0,0,0,0,0,1,0,0,0,0,0,0
1168,1,0,0,0,0,0,0,0,1,0,0,0,0,0,0
1169,1,0,0,0,0,0,0,0,1,0,0,0,0,0,0
1170,1,0,0,0,0,0,0,0,1,0,0,0,0,0,0
1171,1,0,0,0,0,0,0,0,1,0,0,0,0,0,0
1172,1,0,0,0,0,0,0,0,1,0,0,0,0,0,0
1173,1,0,0,0,0,0,0,0,1,0,0,0,0,0,0
1174,1,0,0,0,0,0,0,0,1,0,0,0,0,0,0
1175,1,0,0,0,0,0,0,0,1,0,0,0,0,0,0
1176,1,0,0,0,0,0,0,0,1,0,0,0,0,0,0
1177,1,0,0,0,0,0,0,0,1,0,0,0,0,0,0
1178,1,0,0,0,0,0,0,0,1,0,0,0,0,0,0
1179,1,0,0,0,0,0,0,0,1,0,0,0,0,0,0
1180,1,0,0,0,0,0,0,0,1,0,0,0,0,0,0
1181,1,0,0,0,0,0,0,0,1,0,0,0,0,0,0
1182,1,0,0,0,0,0,0,0,1,0,0,0,0,0,0
1183,1,0,0,0,0,0,0,0,1,0,0,0,0,0,0
1184,1,0,0,0,0,0,0,0,1,0,0,0,0,0,0
1185,1,0,0,0,0,0,0,0,1,0,0,0,0,0,0
1186,1,0,0,0,0,0,0,0,1,0,0,0,0,0,0
1187,1,0,0,0,0,0,0,0,1,0,0,0,0,0,0
1188,1,0,0,0,0,0,0,0,1,0,0,0,0,0,0
1189,1,0,0,0,0,0,0,0,1,0,0,0,0,0,0
1190,1,0,0,0,0,0,0,0,1,0,0,0,0,0,0
1191,1,0,0,0,0,0,0,0,1,0,0,0,0,0,0
1192,1,0,0,0,0,0,0,0,1,0,0,0,0,0,0
1193,1,0,0,0,0,0,0,0,1,0,0,0,0,0,0
1194,1,0,0,0,0,0,0,0,1,0,0,0,0,0,0
1195,1,0,0,0,0,0,0,0,1,0,0,0,0,0,0
1196,1,0,0,0,0,0,0,0,1,0,0,0,0,0,0
1197,1,0,0,0,0,0,0,0,1,0,0,0,0,0,0
1198,1,0,0,0,0,0,0,0,1,0,0,0,0,0,0
1199,1,0,0,0,0,0,0,0,1,0,0,0,0,0,0
1200,1,0,0,0,0,0,0,0,1,0,0,0,0,0,0
1201,1,0,0,0,0,0,0,0,1,0,0,0,0,0,0
1202,1,0,0,0,0,0,0,0,1,0,0,0,0,0,0
1203,1,0,0,0,0,0,0,0,1,0,0,0,0,0,0
1204,1,0,0,0,0,0,0,0,1,0,0,0,0,0,0
1205,1,0,0,0,0,0,0,0,1,0,0,0,0,0,0
1206,1,0,0,0,0,0,0,0,1,0,0,0,0,0,0
1207,1,0,0,0,0,0,0,0,1,0,0,0,0,0,0
1208,1,0,0,0,0,0,0,0,0,0,0,0,0,0,0
1209,1,0,0,0,0,0,0,0,0,0,0,0,0,0,0
1210,1,0,0,0,0,0,0,0,0,0,0,0,0,0,0
1211,1,0,0,0,0,0,0,0,1,0,0,0,0,0,0
1212,1,0,0,0,0,0,0,0,1,0,0,0,0,0,0
1213,1,0,0,0,0,0,0,0,1,0,0,0,0,0,0
1214,1,0,0,0,0,0,0,0,1,0,0,0,0,0,0
1215,1,0,0,0,0,0,0,0,1,0,0,0,0,0,0
1216,1,0,0,0,0,0,0,0,1,0,0,0,0,0,0
1217,1,0,0,0,0,0,0,0,1,0,0,0,0,0,0
1218,1,0,0,0,0,0,0,0,1,0,0,0,0,0,0
1219,1,0,0,0,0,0,0,0,1,0,0,0,0,0,0
1220,1,0,0,0,0,0,0,0,1,0,0,0,0,0,0
1221,1,0,0,0,0,0,0,0,1,0,0,0,0,0,0
1222,1,0,0,0,0,0,0,0,1,0,0,0,0,0,0
1223,1,0,0,0,0,0,0,0,1,0,0,0,0,0,0
1224,1,0,0,0,0,0,0,0,1,0,0,0,0,0,0
1225,1,0,0,0,0,0,0,0,1,0,0,0,0,0,0
1226,1,0,0,0,0,0,0,0,1,0,0,0,0,0,0
1227,1,0,0,0,0,0,0,0,0,0,0,0,0,0,0
1228,1,0,0,0,0,0,0,0,0,0,0,0,0,0,0
1229,1,0,0,0,0,0,0,0,0,0,0,0,0,0,0
1230,1,0,0,0,0,0,0,0,0,0,0,0,0,0,0
1231,1,0,0,0,0,0,0,0,0,0,0,0,0,0,0
1232,1,0,0,0,0,0,0,0,0,0,0,0,0,0,0
1233,1,0,0,0,0,0,0,0,0,0,0,0,0,0,0
1234,0,0,0,0,0,0,0,0,0,0,0,0,0,0,0
1235,0,0,0,0,0,0,0,0,1,0,0,0,0,0,0
1236,0,0,0,0,0,0,0,0,1,0,0,0,0,0,0
1237,0,0,0,0,0,0,0,0,1,0,0,0,0,0,0
1238,0,0,0,0,0,0,0,0,1,0,0,0,0,0,0
1239,0,0,0,0,0,0,0,0,1,0,0,0,0,0,0
1240,0,0,0,0,0,0,0,0,1,0,0,0,0,0,0
1241,0,0,0,0,0,0,0,0,1,0,0,0,0,0,0
1242,0,0,0,0,0,0,0,0,1,0,0,0,0,0,0
1243,0,0,0,0,0,0,0,0,1,0,0,0,0,0,0
1244,0,0,0,0,0,0,0,0,1,0,0,0,0,0,0
1245,0,0,0,0,0,0,0,0,1,0,0,0,0,0,0
1246,0,0,0,0,0,0,0,0,1,0,0,0,0,0,0
1247,0,0,0,0,0,0,0,0,1,0,0,0,0,0,0
1248,0,0,0,0,0,0,0,0,1,0,0,0,0,1,0
1249,0,0,0,0,0,0,0,0,1,0,0,0,0,1,0
1250,0,0,0,0,0,0,0,0,0,0,0,0,0,1,1
1251,0,0,0,0,0,0,0,0,0,0,0,0,0,0,1
1252,0,0,0,0,0,0,0,0,0,0,0,0,0,0,1
1253,0,0,0,0,0,0,0,0,0,0,0,0,0,0,0
1254,0,0,0,0,0,0,0,0,1,0,0,0,0,1,0
1255,0,0,0,0,0,0,0,0,1,0,0,0,0,1,0
1256,0,0,0,0,0,0,0,0,1,0,0,0,0,1,0
1257,0,0,0,0,0,0,0,0,1,0,0,0,0,1,0
1258,0,0,0,0,0,0,0,0,0,0,0,0,0,1,0
1259,0,0,0,0,0,0,0,0,0,0,0,0,0,1,0
1260,0,0,0,0,0,0,0,0,0,0,0,0,0,1,0
1261,1,0,0,0,0,0,0,0,0,0,0,0,0,1,0
1262,1,0,0,0,0,0,0,0,0,0,0,0,0,1,0
1263,1,0,0,0,0,0,0,0,0,0,0,0,0,1,0
1264,1,0,0,0,0,0,0,0,0,0,0,0,0,1,0
1265,0,0,0,0,0,0,0,0,0,0,0,0,0,1,0
1266,0,0,0,0,0,0,0,0,0,0,0,0,0,1,0
1267,0,0,0,0,0,0,0,0,0,0,0,0,0,1,0
1268,0,0,0,0,0,0,0,0,0,0,0,0,0,1,0
1269,0,0,0,0,0,0,0,0,0,0,0,0,0,1,0
1270,0,0,0,0,0,0,0,0,0,0,0,0,0,1,0
1271,0,0,0,0,0,0,0,0,0,0,0,0,0,1,0
1272,0,0,0,0,0,0,0,0,0,0,0,0,0,1,0
1273,0,0,0,0,0,0,0,0,0,0,0,0,0,1,0
1274,0,0,0,0,0,0,0,0,0,0,0,0,0,1,0
1275,0,0,0,0,0,0,0,0,0,0,0,0,0,0,0
1276,0,0,0,0,0,0,0,0,0,0,0,0,0,0,0
1277,0,0,0,0,0,0,0,0,0,0,0,0,0,0,1
1278,0,0,0,0,0,0,0,0,0,0,0,0,0,0,1
1279,0,0,0,0,0,0,0,0,1,0,0,0,0,0,0
1280,0,0,0,0,0,0,0,0,1,0,0,0,0,0,0
1281,0,0,0,0,0,0,0,0,1,0,0,0,0,0,0
1282,0,0,0,0,0,0,0,0,1,0,0,0,0,0,0
1283,0,0,0,0,0,0,0,0,1,0,0,0,0,0,0
1284,0,0,0,0,0,0,0,0,1,0,0,0,0,0,0
1285,0,0,0,0,0,0,0,0,1,0,0,0,0,0,0
1286,0,0,0,0,0,0,0,0,0,0,0,0,0,0,1
1287,0,0,0,0,0,0,0,0,1,0,0,0,0,0,1
1288,0,0,0,0,0,0,0,0,1,0,0,0,0,0,1
1289,0,0,0,0,0,0,0,0,1,0,0,0,0,0,1
1290,0,0,0,0,0,0,0,0,1,0,0,0,0,0,1
1291,0,0,0,0,0,0,0,0,1,0,0,0,0,0,0
1292,0,0,0,0,0,0,0,0,1,0,0,0,0,0,0
1293,0,0,0,0,0,0,0,0,1,0,0,1,0,0,0
1294,0,0,1,0,0,0,0,0,1,0,0,1,0,0,0
1295,0,0,1,0,0,0,0,0,1,0,0,1,0,0,0
1296,0,0,1,0,0,0,0,0,1,0,0,1,0,0,0
1297,0,0,1,0,0,0,0,0,1,0,0,1,0,0,0
1298,0,0,1,0,0,0,0,0,1,0,0,1,0,0,0
1299,0,0,1,0,0,0,0,0,1,0,0,1,0,0,0
1300,0,0,1,0,0,0,0,0,1,0,0,1,0,0,0
1301,0,0,1,0,0,0,0,0,1,0,0,1,0,0,0
1302,0,0,1,0,0,0,0,0,1,0,0,1,0,0,0
1303,0,0,1,0,0,0,0,0,1,0,0,1,0,0,0
1304,0,0,1,0,0,0,0,0,1,0,0,1,0,0,0
1305,0,0,0,0,0,0,0,0,1,0,0,1,0,0,0
1306,0,0,0,0,0,0,0,0,1,0,0,1,0,0,0
1307,0,0,0,0,0,0,0,0,1,0,0,1,0,0,0
1308,0,0,0,0,0,0,0,0,1,0,0,1,0,0,0
1309,0,0,0,0,0,0,0,0,1,0,0,1,0,0,0
1310,0,0,0,0,0,0,0,0,1,0,0,1,0,0,0
1311,0,0,0,0,0,0,0,0,1,0,0,1,0,0,0
1312,0,0,0,0,0,0,0,0,1,0,0,1,0,0,0
1313,0,0,0,0,0,0,0,0,1,0,0,1,0,0,0
1314,0,0,0,0,0,0,0,0,1,0,0,1,0,0,0
1315,0,0,0,0,0,0,0,0,1,0,0,1,0,0,0
1316,0,0,0,0,0,0,0,0,1,0,0,1,0,0,0
1317,0,0,0,0,0,0,0,0,1,0,0,1,0,0,0
1318,0,0,0,0,0,0,0,0,1,0,0,1,0,0,0
1319,0,0,0,0,0,0,0,0,1,0,0,1,0,0,0
1320,0,0,0,0,0,0,0,0,1,0,0,1,0,0,0
1321,0,0,0,0,0,0,0,0,1,0,0,1,0,0,0
1322,0,0,0,0,0,0,0,0,1,0,0,1,0,0,0
1323,0,0,0,0,0,0,0,0,1,0,0,1,0,0,0
1324,0,0,0,0,0,0,0,0,1,0,0,1,0,0,0
1325,0,0,0,0,0,0,0,0,1,0,0,1,0,0,0
1326,0,0,0,0,0,0,0,0,1,0,0,1,0,0,0
1327,0,0,0,0,0,0,0,0,1,0,0,1,0,0,0
1328,0,0,0,0,0,0,0,0,1,0,0,1,0,0,0
1329,0,0,0,0,0,0,0,0,1,0,0,1,0,0,0
1330,0,0,0,0,0,0,0,0,1,0,0,1,0,0,0
1331,0,0,0,0,0,0,0,0,1,0,0,1,0,0,0
1332,0,0,0,0,0,0,0,0,1,0,0,1,0,0,0
1333,0,0,0,0,0,0,0,0,1,0,0,1,0,0,0
1334,0,0,0,0,0,0,0,0,1,0,0,1,0,0,0
1335,0,0,0,0,0,0,0,0,1,0,0,1,0,0,0
1336,0,0,0,0,0,0,0,0,1,0,0,1,0,0,0
1337,0,0,0,0,0,0,0,0,1,0,0,1,0,0,0
1338,0,0,0,0,0,0,0,0,1,0,0,1,0,0,0
1339,0,0,0,0,0,0,0,0,1,0,0,1,0,0,0
1340,0,0,0,0,0,0,0,0,1,0,0,1,0,0,0
1341,0,0,0,0,0,0,0,0,1,0,0,1,0,0,0
1342,0,0,0,0,0,0,0,0,1,0,0,1,0,0,0
1343,0,0,0,0,0,0,0,0,1,0,0,1,0,0,0
1344,0,0,0,0,0,0,0,0,1,0,0,1,0,0,0
1345,0,0,0,0,0,0,0,0,1,0,0,1,0,0,0
1346,0,0,0,0,0,0,0,0,1,0,0,1,0,0,0
1347,0,0,0,0,0,0,0,0,1,0,0,1,0,0,0
1348,0,0,0,0,0,0,0,0,1,0,0,1,0,0,0
1349,0,0,0,0,0,0,0,0,1,0,0,1,0,0,0
1350,0,0,0,0,0,0,0,0,1,0,0,1,0,0,0
1351,0,0,0,0,0,0,0,0,1,0,0,1,0,0,0
1352,0,0,0,0,0,0,0,0,1,0,0,1,0,0,0
1353,0,0,0,0,0,0,0,0,1,0,0,0,0,0,0
1354,0,0,0,0,0,0,0,0,1,0,0,0,0,0,0
1355,0,0,0,0,0,0,0,0,1,0,0,0,0,0,0
1356,0,0,0,0,0,0,0,0,1,0,0,0,0,0,1
1357,0,0,0,0,0,0,0,0,1,0,0,0,0,0,1
1358,0,0,0,0,0,0,0,0,1,0,0,0,0,0,1
1359,0,0,0,0,0,0,0,0,1,0,0,0,0,0,1
1360,0,0,0,0,0,0,0,0,1,0,0,0,0,0,1
1361,0,0,0,0,0,0,0,0,1,0,0,0,0,0,1
1362,0,0,0,0,0,0,0,0,1,0,0,0,0,0,1
1363,0,0,0,0,0,0,0,0,1,0,0,0,0,0,1
1364,0,0,0,0,0,0,0,0,1,0,0,0,0,0,1
1365,0,0,0,0,0,0,0,0,1,0,0,0,0,0,1
1366,0,0,0,0,0,0,0,0,1,0,0,0,0,0,1
1367,0,0,0,0,0,0,0,0,1,0,0,0,0,0,1
1368,0,0,0,0,0,0,0,0,1,0,0,0,0,0,0
1369,0,0,0,0,0,0,0,0,1,0,0,0,0,0,0
1370,0,0,0,0,0,0,0,0,1,0,0,0,0,0,0
1371,0,0,0,0,0,0,0,0,1,0,0,0,0,0,0
1372,0,0,0,0,0,0,0,0,1,0,0,0,0,0,0
1373,0,0,0,0,0,0,0,0,1,0,0,0,0,0,0
1374,0,0,0,0,0,0,0,0,0,0,0,0,0,0,0
1375,0,0,0,0,0,0,0,0,0,0,0,0,0,0,0
1376,0,0,0,0,0,0,0,0,0,0,0,0,0,0,0
1377,0,0,0,0,0,0,0,0,0,0,0,0,0,0,0
1378,0,0,0,0,0,0,0,0,0,0,0,0,0,0,0
1379,0,0,0,0,0,0,0,0,0,0,0,0,0,0,0
1380,0,0,0,0,0,0,0,0,0,0,0,0,0,0,0
1381,0,0,0,0,0,0,0,0,0,0,0,0,0,0,0
1382,0,0,0,0,0,0,0,0,0,0,0,0,0,0,0
1383,0,0,0,0,0,0,0,0,0,0,0,0,0,0,0
1384,0,0,0,0,0,0,0,0,0,0,0,0,0,0,0
1385,0,0,0,0,0,0,0,0,0,0,0,0,0,0,0
1386,0,0,0,0,0,0,0,0,0,0,0,0,0,0,0
1387,0,0,0,0,0,0,0,0,0,0,0,0,0,0,0
1388,0,0,0,0,0,0,0,0,0,0,0,0,0,0,0
1389,0,0,0,0,0,0,0,0,0,0,0,0,0,0,0
1390,0,0,0,0,0,0,0,0,0,0,0,0,0,0,0
1391,0,0,0,0,0,0,0,0,0,0,0,0,0,0,0
1392,0,0,0,0,0,0,0,0,0,0,0,0,0,0,0
1393,0,0,0,0,0,0,0,0,0,0,0,0,0,0,0
1394,0,0,0,0,0,0,0,0,0,0,0,0,0,0,0
1395,0,0,0,0,0,0,0,0,0,0,0,0,0,0,0
1396,0,0,0,0,0,0,0,0,0,0,0,0,0,0,0
1397,0,0,0,0,0,0,0,0,0,0,0,0,0,0,0
1398,0,0,0,0,0,0,0,0,0,0,0,0,0,0,0
1399,0,0,0,0,0,0,0,0,0,0,0,0,0,0,0
1400,0,0,0,0,0,0,0,0,0,0,0,0,0,0,0
1401,0,0,0,0,0,0,0,0,0,0,0,0,0,0,0
1402,0,0,0,0,0,0,0,0,0,0,0,0,0,0,0
1403,0,0,0,0,0,0,0,0,0,0,0,0,0,0,0
1404,0,0,0,0,0,0,0,0,0,0,0,0,0,0,0
1405,0,0,0,0,0,0,0,0,0,0,0,0,0,0,0
1406,0,0,0,0,0,0,0,0,0,0,0,0,0,0,0
1407,0,0,0,0,0,0,0,0,0,0,0,0,0,0,0
1408,0,0,0,0,0,0,0,0,0,0,0,0,0,0,0
1409,0,0,0,0,0,0,0,0,0,0,0,0,0,0,0
1410,0,0,0,0,0,0,0,0,0,0,0,0,0,0,0
1411,0,0,0,0,0,0,0,0,0,0,0,0,0,0,0
1412,0,0,0,0,0,0,0,0,0,0,0,0,0,0,0
1413,0,0,0,0,0,0,0,0,0,0,0,0,0,0,0
1414,0,0,0,0,0,0,0,0,0,0,0,0,0,0,0
1415,0,0,0,0,0,0,0,0,0,0,0,0,0,0,0
1416,0,0,0,0,0,0,0,0,0,0,0,0,0,0,0
1417,0,0,0,0,0,0,0,0,0,0,0,0,0,0,0
1418,0,0,0,0,0,0,0,0,0,0,0,0,0,0,0
1419,0,0,0,0,0,0,0,0,0,0,0,0,0,0,0
1420,0,0,0,0,0,0,0,0,0,0,0,0,0,0,0
1421,0,0,0,0,0,0,0,0,0,0,0,0,0,0,0
1422,0,0,0,0,0,0,0,0,0,0,0,0,0,0,0
1423,0,0,0,0,0,0,0,0,0,0,0,0,0,0,0
1424,0,0,0,0,0,0,0,0,0,0,0,0,0,0,0
1425,0,0,0,0,0,0,0,0,0,0,0,0,0,0,0
1426,0,0,0,0,0,0,0,0,0,0,0,0,0,0,0
1427,0,0,0,0,0,0,0,0,0,0,0,0,0,0,0
1428,0,0,0,0,0,0,0,0,0,0,0,0,0,0,0
1429,0,0,0,0,0,0,0,0,0,0,0,0,0,0,0
1430,0,0,0,0,0,0,0,0,0,0,0,0,0,0,0
1431,0,0,0,0,0,0,0,0,0,0,0,0,0,0,0
1432,0,0,0,0,0,0,0,0,0,0,0,0,0,0,0
1433,0,0,0,0,0,0,0,0,0,0,0,0,0,0,0
1434,0,0,0,0,0,0,0,0,0,0,0,0,0,0,0
1435,0,0,0,0,0,0,0,0,0,0,0,0,0,0,0
1436,0,0,0,0,0,0,0,0,0,0,0,0,0,0,0
1437,0,0,0,0,0,0,0,0,0,0,0,0,0,0,0
1438,0,0,0,0,0,0,0,0,0,0,0,0,0,0,0
1439,0,0,0,0,0,0,0,0,0,0,0,0,0,0,0
1440,0,0,0,0,0,0,0,0,0,0,0,0,0,0,0
1441,0,0,0,0,0,0,0,0,0,0,0,0,0,0,0
1442,0,0,0,0,0,0,0,0,0,0,0,0,0,0,0
1443,0,0,0,0,0,0,0,0,0,0,0,0,0,0,0
1444,0,0,0,0,0,0,0,0,0,0,0,0,0,1,0
1445,0,0,0,0,0,0,0,0,0,0,0,0,0,1,0
1446,0,0,0,0,0,0,0,0,0,0,0,0,0,1,0
1447,0,0,0,0,0,0,0,0,0,0,0,0,0,1,0
1448,0,0,0,0,0,0,0,0,0,0,0,0,0,1,0
1449,0,0,0,0,0,0,0,0,0,0,0,0,0,1,0
1450,0,0,0,0,0,0,0,0,0,0,0,0,0,1,0
1451,0,0,0,0,0,0,0,0,0,0,0,0,0,1,0
1452,0,0,0,0,0,0,0,0,0,0,0,0,0,1,0
1453,0,0,0,0,0,0,0,0,0,0,0,0,0,0,0
1454,0,0,0,0,0,0,0,0,0,0,0,0,0,0,0
1455,0,0,0,0,0,0,0,0,0,0,0,0,0,0,0
1456,0,0,0,0,0,0,0,0,0,0,0,0,0,1,0
1457,0,0,0,0,0,0,0,0,0,0,0,0,0,1,0
1458,0,0,0,0,0,0,0,0,0,0,0,0,0,1,0
1459,0,0,0,0,0,0,0,0,0,0,0,0,0,1,0
1460,0,0,0,0,0,0,0,0,0,0,0,0,0,1,0
1461,0,0,0,0,0,0,0,0,0,0,0,0,0,1,0
1462,0,0,0,0,0,0,0,0,0,0,0,0,0,1,0
1463,0,0,0,0,0,0,0,0,0,0,0,0,0,1,0
1464,0,0,0,0,0,0,0,0,0,0,0,0,0,1,0
1465,0,0,0,0,0,0,0,0,0,0,0,0,0,1,0
1466,0,0,0,0,0,0,0,0,0,0,0,0,0,1,0
1467,0,0,0,0,0,0,0,0,0,0,0,0,0,1,0
1468,0,0,0,0,0,0,0,0,0,0,0,0,0,1,0
1469,0,0,0,0,0,0,0,0,0,0,0,0,0,1,0
1470,0,0,0,0,0,0,0,0,0,0,0,0,0,1,0
1471,0,0,0,0,0,0,0,0,0,0,0,0,0,1,0
1472,0,0,0,0,0,0,0,0,0,0,0,0,0,1,0
1473,0,0,0,0,0,0,0,0,0,0,0,0,0,1,0
1474,0,0,0,0,0,0,0,0,0,0,0,0,0,1,0
1475,0,0,0,0,0,0,0,0,0,0,0,0,0,1,0
1476,0,0,0,0,0,0,0,0,0,0,0,0,0,1,0
1477,0,0,0,0,0,0,0,0,0,0,0,0,0,1,0
1478,0,0,0,0,0,0,0,0,0,0,0,0,0,1,0
1479,0,0,0,0,0,0,0,0,0,0,0,0,0,1,0
1480,0,0,0,0,0,0,0,0,0,0,0,0,0,1,0
1481,0,0,0,0,0,0,0,0,0,0,0,0,0,1,0
1482,0,0,0,0,0,0,0,0,0,0,0,0,0,0,0
1483,0,0,0,0,0,0,0,0,0,0,0,0,0,0,0
1484,0,0,0,0,0,0,0,0,0,0,0,0,0,0,0
1485,0,0,0,0,0,0,0,0,0,0,0,0,0,0,0
1486,0,0,0,0,0,0,0,0,0,0,0,0,0,0,0
1487,0,0,0,0,0,0,0,0,0,0,0,0,0,0,0
1488,0,0,0,0,0,0,0,0,0,0,0,0,0,0,0
1489,0,0,0,0,0,0,0,0,0,0,0,0,0,0,0
1490,0,0,0,0,0,0,0,0,0,0,0,0,0,0,0
1491,0,0,0,0,0,0,0,0,0,0,0,0,0,0,0
1492,0,0,0,0,0,0,0,0,0,0,0,0,0,0,0
1493,0,0,0,0,0,0,0,0,0,0,0,0,0,0,0
1494,0,0,0,0,0,0,0,0,0,0,0,0,0,0,0
1495,0,0,0,0,0,0,0,0,0,0,0,0,0,0,0
1496,0,0,0,0,0,0,0,0,0,0,0,0,0,0,0
1497,0,0,0,0,0,0,0,0,0,0,0,0,0,0,0
1498,0,0,0,0,0,0,0,0,0,0,0,0,0,0,0
1499,0,0,0,0,0,0,0,0,0,0,0,0,0,0,0
1500,0,0,0,0,0,0,0,0,0,0,0,0,0,0,0
1501,0,0,0,0,0,0,0,0,0,0,0,0,0,0,0
1502,0,0,0,0,0,0,0,0,0,0,0,0,0,0,0
1503,0,0,0,0,0,0,0,0,0,0,0,0,0,0,0
1504,0,0,0,0,0,0,0,0,0,0,0,0,0,0,0
1505,0,0,0,0,0,0,0,0,0,0,0,0,0,0,0
1506,0,0,0,0,0,0,0,0,0,0,0,0,0,0,0
1507,0,0,0,0,0,0,0,0,0,0,0,0,0,0,0
1508,0,0,0,0,0,0,0,0,0,0,0,0,0,0,0
1509,0,0,0,0,0,0,0,0,0,0,0,0,0,0,0
1510,0,0,0,0,0,0,0,0,0,0,0,0,0,0,0
1511,0,0,0,0,0,0,0,0,0,0,0,0,0,0,0
1512,0,0,0,0,0,0,0,0,0,0,0,0,0,0,0
1513,0,0,0,0,0,0,0,0,0,0,0,0,0,0,0
1514,0,0,0,0,0,0,0,0,0,0,0,0,0,0,0
1515,0,0,0,0,0,0,0,0,0,0,0,0,0,0,0
1516,0,0,0,0,0,0,0,0,0,0,0,0,0,0,0
1517,0,0,0,0,0,0,0,0,0,0,0,0,0,0,0
1518,0,0,0,0,0,0,0,0,0,0,0,0,0,0,0
1519,0,0,0,0,0,0,0,0,0,0,0,0,0,0,0
1520,0,0,0,0,0,0,0,0,0,0,0,0,0,0,0
1521,0,0,0,0,0,0,0,0,0,0,0,0,0,0,0
1522,0,0,0,0,0,0,0,0,0,0,0,0,0,0,0
