0,0,0,0,0,0,0,0,0,0,0,0,0,0,0,0
1,0,0,0,0,0,0,0,0,0,0,0,0,0,0,0
2,0,0,0,0,0,0,0,0,0,0,0,0,0,0,0
3,0,0,0,0,0,0,0,0,0,0,0,0,0,0,0
4,0,0,0,0,0,0,0,0,0,0,0,0,0,0,0
5,0,0,0,0,0,0,0,0,0,0,0,0,0,0,0
6,0,0,0,0,0,0,0,0,0,0,0,0,0,0,0
7,0,0,0,0,0,0,0,0,0,0,0,0,0,0,0
8,0,0,0,0,0,0,0,0,0,0,0,0,0,0,0
9,1,0,0,0,0,0,0,0,0,0,0,0,0,0,0
10,1,0,0,0,0,0,0,0,0,0,0,0,0,0,0
11,1,0,0,0,0,0,0,0,0,0,0,0,0,0,0
12,1,0,0,0,0,0,0,0,0,0,0,0,0,0,0
13,0,0,0,0,0,0,0,0,0,0,0,0,0,0,0
14,0,0,0,0,0,0,0,0,0,0,0,0,0,0,0
15,0,0,0,0,0,0,0,0,0,0,0,0,0,0,0
16,0,0,0,0,0,0,0,0,0,0,0,0,0,0,0
17,0,0,0,0,0,0,0,0,0,0,0,0,0,0,0
18,0,0,0,0,0,0,0,0,0,0,0,0,0,0,0
19,0,0,0,0,0,0,0,0,0,0,0,0,0,0,0
20,0,0,0,0,0,0,0,0,0,0,0,0,0,0,0
21,0,0,0,0,0,0,0,0,0,0,0,0,0,0,0
22,0,0,0,0,0,0,0,0,0,0,0,0,0,0,0
23,0,0,0,0,0,0,0,0,0,0,0,0,0,0,1
24,0,0,0,0,0,0,0,0,0,0,0,0,0,0,1
25,0,0,0,0,0,0,0,0,0,0,0,0,0,0,1
26,0,0,0,0,0,0,0,0,0,0,0,0,0,0,1
27,0,0,0,0,0,0,0,0,0,0,0,0,0,0,1
28,0,0,0,0,0,0,0,0,1,0,0,0,0,0,0
29,0,0,0,0,0,0,0,0,1,0,0,0,0,0,0
30,0,0,0,0,0,0,0,0,1,0,0,0,0,0,0
31,0,0,0,0,0,0,0,0,0,0,0,1,0,0,0
32,0,0,0,0,0,0,0,0,0,0,0,1,0,0,0
33,0,0,0,0,0,0,0,0,0,0,0,1,0,0,0
34,0,0,0,0,0,0,0,0,0,0,0,0,0,0,0
35,0,0,0,0,0,0,0,0,0,0,0,0,0,0,0
36,0,0,0,0,0,0,0,0,0,0,0,0,0,0,0
37,0,0,0,0,0,0,0,0,0,0,0,0,0,0,0
38,0,0,0,0,0,0,0,0,0,0,0,0,0,0,0
39,0,0,0,0,0,0,0,0,0,0,0,0,0,0,0
40,0,0,0,0,0,0,0,0,0,0,0,0,0,0,0
41,0,0,0,0,0,0,0,0,0,0,0,0,0,0,0
42,0,0,0,0,0,0,0,0,0,0,0,0,0,0,0
43,0,0,0,0,0,0,0,0,0,0,0,0,0,0,0
44,0,0,0,0,0,0,0,0,0,0,0,0,0,0,1
45,0,0,0,0,0,0,0,0,0,0,0,0,0,0,1
46,0,0,0,0,0,0,0,0,0,0,0,0,0,0,1
47,0,0,0,0,0,0,0,0,0,0,0,0,0,0,1
48,0,0,0,0,0,0,0,0,0,0,0,0,0,0,1
49,0,0,0,0,0,0,0,0,0,0,0,0,0,0,1
50,0,0,0,0,0,0,0,0,0,0,0,0,0,0,1
51,0,0,0,0,0,0,0,0,0,0,0,0,0,0,1
52,0,0,0,0,0,0,0,0,0,0,0,0,0,0,1
53,0,0,0,0,0,0,0,0,0,0,0,0,0,0,1
54,0,0,0,0,0,0,0,0,0,0,0,1,0,0,1
55,0,0,0,0,0,0,0,0,0,0,0,1,0,0,1
56,0,0,0,0,0,0,0,0,0,0,0,1,0,0,0
57,0,0,0,0,0,0,0,0,0,0,0,1,0,0,0
58,0,0,0,0,0,0,0,0,0,0,0,1,0,0,0
59,0,0,0,0,0,0,0,0,0,0,0,1,0,0,0
60,0,0,0,0,0,0,0,0,0,0,0,1,0,0,0
61,0,0,0,0,0,0,0,0,0,0,0,1,0,0,0
62,0,0,0,0,0,0,0,0,0,0,0,1,0,0,0
63,0,0,0,0,0,0,0,0,0,0,0,1,0,0,0
64,0,0,0,0,0,0,0,0,0,0,0,1,0,0,0
65,0,0,0,0,0,0,0,0,0,0,0,1,0,0,0
66,0,0,0,0,0,0,0,0,0,0,0,1,0,0,0
67,0,0,0,0,0,0,0,0,0,0,0,1,0,0,0
68,0,0,0,0,0,0,0,0,0,0,0,1,0,0,0
69,0,0,0,0,0,0,0,0,0,0,0,1,0,0,0
70,0,0,0,0,0,0,0,0,0,0,0,1,0,0,0
71,0,0,0,0,0,0,0,0,0,0,0,1,0,0,0
72,0,0,0,0,0,0,0,0,0,0,0,1,0,0,0
73,0,0,0,0,0,0,0,0,0,0,0,1,0,0,0
74,0,0,0,0,0,0,0,0,0,0,0,1,0,0,0
75,0,0,0,0,0,0,0,0,0,0,0,1,0,0,0
76,0,0,0,0,0,0,0,0,0,0,0,1,0,0,0
77,0,0,0,0,0,0,0,0,0,0,0,1,0,0,1
78,0,0,0,0,0,0,0,0,0,0,0,1,0,0,1
79,0,0,0,0,0,0,0,0,0,0,0,1,0,0,0
80,0,0,0,0,0,0,0,0,0,0,0,1,0,0,1
81,0,0,0,0,0,0,0,0,0,0,0,1,0,0,1
82,0,0,0,0,0,0,0,0,0,0,0,1,0,0,1
83,0,0,0,0,0,0,0,0,0,0,0,1,0,0,1
84,0,0,0,0,0,0,0,0,0,0,0,1,0,0,1
85,0,0,0,0,0,0,0,0,0,0,0,1,0,0,1
86,0,0,0,0,0,0,0,0,0,0,0,1,0,0,1
87,0,0,0,0,0,0,0,0,0,0,0,1,0,0,1
88,0,0,0,0,0,0,0,0,0,0,0,1,0,0,1
89,0,0,0,0,0,0,0,0,0,0,0,1,0,0,1
90,1,0,0,0,0,0,0,0,0,0,0,1,0,0,0
91,1,0,0,0,0,0,0,0,0,0,0,1,0,0,0
92,1,0,0,0,0,0,0,0,0,0,0,1,0,0,0
93,1,0,0,0,0,0,0,0,0,0,0,1,0,0,0
94,1,0,0,0,0,0,0,0,0,0,0,1,0,0,0
95,1,0,0,0,0,0,0,0,0,0,0,1,0,0,0
96,1,0,0,0,0,0,0,0,0,0,0,1,0,0,0
97,1,0,0,0,0,0,0,0,0,0,0,1,0,0,0
98,1,0,0,0,0,0,0,0,0,0,0,1,0,0,0
99,1,0,0,0,0,0,0,0,0,0,0,1,0,0,0
100,1,0,0,0,0,0,0,0,0,0,0,1,0,0,0
101,1,0,0,0,0,0,0,0,0,0,0,1,0,0,0
102,1,0,0,0,0,0,0,0,0,0,0,1,0,0,0
103,1,0,0,0,0,0,0,0,0,0,0,1,0,0,0
104,1,0,0,0,0,0,0,0,0,0,0,1,0,0,0
105,1,0,0,0,0,0,0,0,0,0,0,1,0,0,0
106,1,0,0,0,0,0,0,0,0,0,0,1,0,0,0
107,1,0,0,0,0,0,0,0,0,0,0,1,0,0,0
108,1,0,0,0,0,0,0,0,0,0,0,1,0,0,0
109,1,0,0,0,0,0,0,0,0,0,0,0,0,0,0
110,1,0,0,0,0,0,0,0,0,0,0,0,0,0,0
111,1,0,0,0,0,0,0,0,0,0,0,0,0,0,0
112,1,0,0,0,0,0,0,0,0,0,0,0,0,0,0
113,1,0,0,0,0,0,0,0,0,0,0,0,0,0,0
114,1,0,0,0,0,0,0,0,0,0,0,0,0,0,0
115,1,0,0,0,0,0,0,0,0,0,0,0,0,0,0
116,1,0,0,0,0,0,0,0,0,0,0,0,0,0,0
117,1,0,0,0,0,0,0,0,0,0,0,0,0,0,0
118,1,0,0,0,0,0,0,0,0,0,0,0,0,0,0
119,1,0,0,0,0,0,0,0,0,0,0,0,0,0,0
120,1,0,0,0,0,0,0,0,0,0,0,0,0,0,0
121,1,0,0,0,0,0,0,0,0,0,0,0,0,0,0
122,1,0,0,0,0,0,0,0,0,0,0,0,0,0,0
123,1,0,0,0,0,0,0,0,0,0,0,0,0,0,0
124,1,0,0,0,0,0,0,0,0,0,0,0,0,0,0
125,1,0,0,0,0,0,0,0,0,0,0,0,0,0,0
126,1,0,0,0,0,0,0,0,0,0,0,0,0,0,0
127,1,0,0,0,0,0,0,0,0,0,0,0,0,0,0
128,1,0,0,0,0,0,0,0,0,0,0,0,0,0,0
129,1,0,0,0,0,0,0,0,0,0,0,0,0,0,0
130,1,0,0,0,0,0,0,0,0,0,0,0,0,0,0
131,1,0,0,0,0,0,0,0,0,0,0,0,0,0,0
132,1,0,0,0,0,0,0,0,0,0,0,0,0,0,0
133,1,0,0,0,0,0,0,0,0,0,0,0,0,0,0
134,1,0,0,0,0,0,0,0,0,0,0,0,0,0,0
135,1,0,0,0,0,0,0,0,0,0,0,0,0,0,0
136,1,0,0,0,0,0,0,0,0,0,0,0,0,0,0
137,1,0,0,0,0,0,0,0,0,0,0,0,0,0,0
138,1,0,0,0,0,0,0,0,0,0,0,0,0,0,0
139,1,0,0,0,0,0,0,0,0,0,0,0,0,0,0
140,1,0,0,0,0,0,0,0,0,0,0,0,0,0,0
141,1,0,0,0,0,0,0,0,0,0,0,0,0,0,0
142,1,0,0,0,0,0,0,0,0,0,0,0,0,0,0
143,1,0,0,0,0,0,0,0,0,0,0,0,0,0,0
144,1,0,0,0,0,0,0,0,0,0,0,0,0,0,0
145,1,0,0,0,0,0,0,0,0,0,0,0,0,0,0
146,1,0,0,0,0,0,0,0,0,0,0,0,0,0,0
147,1,0,0,0,0,0,0,0,0,0,0,0,0,0,0
148,1,0,0,0,0,0,0,0,0,0,0,0,0,0,0
149,1,0,0,0,0,0,0,0,0,0,0,0,0,0,0
150,1,0,0,0,0,0,0,0,0,0,0,0,0,0,0
151,1,0,0,0,0,0,0,0,0,0,0,0,0,0,0
152,1,0,0,0,0,0,0,0,0,0,0,0,0,0,0
153,1,0,0,0,0,0,0,0,0,0,0,0,0,0,0
154,1,0,0,0,0,0,0,0,0,0,0,0,0,0,0
155,1,0,0,0,0,0,0,0,0,0,0,0,0,0,0
156,1,0,0,0,0,0,0,0,0,0,0,0,0,0,0
157,1,0,1,0,0,0,0,0,0,0,0,0,0,0,0
158,1,0,1,0,0,0,0,0,0,0,0,0,0,0,0
159,1,0,1,0,0,0,0,0,0,0,0,0,0,0,0
160,1,0,1,0,0,0,0,0,0,0,0,0,0,0,0
161,1,0,1,0,0,0,0,0,0,0,0,0,0,0,0
162,1,0,1,0,0,0,0,0,0,0,0,0,0,0,0
163,1,0,1,0,0,0,0,0,0,0,0,0,0,0,0
164,1,0,1,0,0,0,0,0,0,0,0,0,0,0,0
165,1,0,1,0,0,0,0,0,0,0,0,0,0,0,0
166,1,0,1,0,0,0,0,0,0,0,0,0,0,0,0
167,1,0,1,0,0,0,0,0,0,0,0,0,0,0,0
168,1,0,1,0,0,0,0,0,0,0,0,0,0,0,0
169,1,0,1,0,0,0,0,0,0,0,0,0,0,0,0
170,1,0,1,0,0,0,0,0,0,0,0,0,0,0,0
171,1,0,1,0,0,0,0,0,0,0,0,0,0,0,0
172,1,0,1,0,0,0,0,0,0,0,0,0,0,0,0
173,1,0,1,0,0,0,0,0,0,0,0,0,0,0,0
174,0,0,1,0,0,0,0,0,0,0,0,0,0,0,0
175,0,0,0,0,0,0,0,0,0,0,0,0,0,0,0
176,0,0,0,0,0,0,0,0,0,0,0,0,0,0,0
177,0,0,0,0,0,0,0,0,0,0,0,0,0,0,0
178,0,0,0,0,0,0,0,0,0,0,0,0,0,0,0
179,0,0,0,0,0,0,0,0,0,0,0,0,0,0,0
180,0,0,0,0,0,0,0,0,0,0,0,0,0,0,0
181,0,0,0,0,0,0,0,0,0,0,0,0,0,0,0
182,0,0,0,0,0,0,0,0,0,0,0,0,0,0,0
183,0,0,0,0,0,0,0,0,0,0,0,0,0,0,0
184,0,0,0,0,0,0,0,0,0,0,0,0,0,0,0
185,0,0,0,0,0,0,0,0,0,0,0,0,0,0,0
186,0,0,0,0,0,0,0,0,0,0,0,0,0,0,0
187,0,0,0,0,0,0,0,0,0,0,0,0,0,0,0
188,0,0,0,0,0,0,0,0,0,0,0,0,0,0,0
189,0,0,0,0,0,0,0,0,0,0,0,0,0,0,0
190,0,0,0,0,0,0,0,0,0,0,0,0,0,0,0
191,0,0,0,0,0,0,0,0,0,0,0,0,0,0,0
192,0,0,0,0,0,0,0,0,0,0,0,0,0,0,0
193,0,0,0,0,0,0,0,0,0,0,0,0,0,0,0
194,0,0,0,0,0,0,0,0,0,0,0,0,0,0,1
195,0,0,0,0,0,0,0,0,0,0,0,0,0,0,1
196,0,0,0,0,0,0,0,0,0,0,0,0,0,0,1
197,1,0,0,0,0,0,0,0,0,0,0,0,0,0,1
198,1,0,0,0,0,0,0,0,0,0,0,0,0,0,1
199,1,0,0,0,0,0,0,0,0,0,0,0,0,0,1
200,1,0,0,0,0,0,0,0,0,0,0,0,0,0,1
201,1,0,0,0,0,0,0,0,0,0,0,0,0,0,1
202,1,0,0,0,0,0,0,0,1,0,0,0,0,0,0
203,1,0,0,0,0,0,0,0,1,0,0,0,0,0,0
204,1,0,0,0,0,0,0,0,1,0,0,0,0,0,0
205,1,0,0,0,0,0,0,0,1,0,0,0,0,0,0
206,1,0,0,0,0,0,0,0,1,0,0,0,0,0,0
207,1,0,0,0,0,0,0,0,1,0,0,0,0,0,0
208,1,0,1,0,0,0,0,0,0,0,0,0,0,0,0
209,1,0,1,0,0,0,0,0,0,0,0,0,0,0,0
210,1,0,1,0,0,0,0,0,0,0,0,0,0,0,0
211,1,0,1,0,0,0,0,0,0,0,0,0,0,0,0
212,1,0,1,0,0,0,0,0,0,0,0,0,0,0,0
213,1,0,1,0,0,0,0,0,0,0,0,0,0,0,0
214,1,0,1,0,0,0,0,0,0,0,0,0,0,0,0
215,1,0,1,0,0,0,0,0,0,0,0,0,0,0,0
216,1,0,1,0,0,0,0,0,0,0,0,0,0,0,0
217,1,0,1,0,0,0,0,0,0,0,0,0,0,0,0
218,1,0,1,0,0,0,0,0,0,0,0,0,0,0,0
219,1,0,1,0,0,0,0,0,0,0,0,0,0,0,0
220,1,0,0,0,0,0,0,0,0,0,0,0,0,0,0
221,1,0,0,0,0,0,0,0,0,0,0,0,0,0,0
222,1,0,0,0,0,0,0,0,0,0,0,0,0,0,0
223,1,0,0,0,0,0,0,0,0,0,0,0,0,0,0
224,1,0,0,0,0,0,0,0,0,0,0,0,0,0,0
225,1,0,0,0,0,0,0,0,0,0,0,0,0,0,0
226,1,0,0,0,0,0,0,0,0,0,0,0,0,0,0
227,1,0,0,0,0,0,0,0,0,0,0,0,0,0,0
228,1,0,0,0,0,0,0,0,0,0,0,0,0,0,0
229,1,0,0,0,0,0,0,0,0,0,0,0,0,0,0
230,1,0,0,0,0,0,0,0,0,0,0,0,0,0,0
231,1,0,0,0,0,0,0,0,0,0,0,0,0,0,0
232,1,0,0,0,0,0,0,0,0,0,0,0,0,0,0
233,1,0,0,0,0,0,0,0,0,0,0,0,0,0,0
234,1,0,0,0,0,0,0,0,0,0,0,0,0,0,0
235,1,0,0,0,0,0,0,0,0,0,0,0,0,0,0
236,1,0,0,0,0,0,0,0,0,0,0,0,0,0,0
237,1,0,0,0,0,0,0,0,0,0,0,0,0,0,0
238,1,0,0,0,0,0,0,0,0,0,0,0,0,0,0
239,1,0,0,0,0,0,0,0,0,0,0,0,0,0,0
240,1,0,0,0,0,0,0,0,0,0,0,0,0,0,0
241,1,0,0,0,0,0,0,0,0,0,0,0,0,0,0
242,1,0,0,0,0,0,0,0,0,0,0,0,0,0,0
243,1,0,0,0,0,0,0,0,0,0,0,0,0,0,0
244,1,0,0,0,0,0,0,0,0,0,0,0,0,0,0
245,1,0,0,0,0,0,0,0,0,0,0,0,0,0,0
246,1,0,0,0,0,0,0,0,0,0,0,0,0,0,0
247,1,0,0,0,0,0,0,0,0,0,0,0,0,0,0
248,1,0,0,0,0,0,0,0,0,0,0,0,0,0,0
249,1,0,0,0,0,0,0,0,0,0,0,0,0,0,0
250,1,0,0,0,0,0,0,0,0,0,0,0,0,0,0
251,1,0,0,0,0,0,0,0,0,0,0,0,0,0,0
252,1,0,0,0,0,0,0,0,0,0,0,0,0,0,0
253,1,0,0,0,0,0,0,0,0,0,0,0,0,0,1
254,1,0,0,0,0,0,0,0,0,0,0,0,0,0,1
255,1,0,0,0,0,0,0,0,0,0,0,0,0,0,1
256,1,0,0,0,0,0,0,0,0,0,0,0,0,0,1
257,1,0,0,0,0,0,0,0,0,0,0,0,0,0,1
258,1,0,1,0,0,0,0,0,0,0,0,0,0,0,0
259,1,0,1,0,0,0,0,0,0,0,0,0,0,0,0
260,1,0,1,0,0,0,0,0,0,0,0,0,0,0,0
261,1,0,1,0,0,0,0,0,0,0,0,0,0,0,0
262,1,0,1,0,0,0,0,0,0,0,0,0,0,0,0
263,1,0,1,0,0,0,0,0,0,0,0,0,0,0,0
264,1,0,1,0,0,0,0,0,0,0,0,0,0,0,0
265,1,0,1,0,0,0,0,0,0,0,0,0,0,0,0
266,1,0,1,0,0,0,0,0,0,0,0,0,0,0,0
267,1,0,1,0,0,0,0,0,0,0,0,0,0,0,0
268,1,0,1,0,0,0,0,0,0,0,0,0,0,0,0
269,1,0,1,0,0,0,0,0,0,0,0,0,0,0,0
270,1,0,1,0,0,0,0,0,0,0,0,0,0,0,0
271,1,0,1,0,0,0,0,0,0,0,0,0,0,0,0
272,1,0,1,0,0,0,0,0,0,0,0,0,0,0,0
273,1,0,1,0,0,0,0,0,0,0,0,0,0,0,0
274,1,0,1,0,0,0,0,0,0,0,0,0,0,0,0
275,1,0,1,0,0,0,0,0,0,0,0,0,0,0,0
276,1,0,1,0,0,0,0,0,0,0,0,0,0,0,0
277,1,0,1,0,0,0,0,0,0,0,0,0,0,0,0
278,1,0,1,0,0,0,0,0,0,0,0,0,0,0,0
279,1,0,1,0,0,0,0,0,0,0,0,0,0,0,0
280,1,0,1,0,0,0,0,0,0,0,0,0,0,0,0
281,1,0,1,0,0,0,0,0,0,0,0,0,0,0,0
282,1,0,1,0,0,0,0,0,0,0,0,0,0,0,0
283,1,0,0,1,0,0,0,0,0,0,0,0,0,0,0
284,1,0,0,1,0,0,0,0,0,0,0,0,0,0,0
285,1,0,0,1,0,0,0,0,0,0,0,0,0,0,0
286,1,0,0,1,0,0,0,0,0,0,0,0,0,0,0
287,1,0,0,1,0,0,0,0,0,0,0,0,0,0,0
288,1,0,0,1,0,0,0,0,0,0,0,0,0,0,0
289,1,0,0,1,0,0,0,0,0,0,0,0,0,0,0
290,1,0,0,1,0,0,0,0,0,0,0,0,0,0,0
291,1,0,0,1,0,0,0,0,0,0,0,0,0,0,0
292,1,0,0,1,0,0,0,0,0,0,0,0,0,0,0
293,1,0,0,1,0,0,0,0,0,0,0,0,0,0,0
294,1,0,0,1,0,0,0,0,0,0,0,0,0,0,0
295,1,0,0,1,0,0,0,0,0,0,0,0,0,0,0
296,0,0,0,1,0,0,0,0,0,0,0,0,0,0,0
297,0,0,0,1,0,0,0,0,0,0,0,0,0,0,0
298,0,0,0,1,0,0,0,0,0,0,0,0,0,0,0
299,0,0,0,1,0,0,0,0,0,0,0,0,0,0,0
300,0,0,0,1,0,0,0,0,0,0,0,0,0,0,0
301,0,0,0,1,0,0,0,0,0,0,0,0,0,0,0
302,1,0,0,1,0,0,0,0,0,0,0,0,0,0,0
303,1,1,0,0,0,0,0,0,0,0,0,0,0,0,0
304,1,1,0,0,0,0,0,0,0,0,0,0,0,0,0
305,1,1,0,0,0,0,0,0,0,0,0,0,0,0,0
306,1,1,0,0,0,0,0,0,0,0,0,0,0,0,0
307,1,1,0,0,0,0,0,0,0,0,0,0,0,0,0
308,1,1,0,0,0,0,0,0,0,0,0,0,0,0,0
309,1,1,0,0,0,0,0,0,0,0,0,0,0,0,0
310,1,1,0,0,0,0,0,0,0,0,0,0,0,0,0
311,1,1,0,0,0,0,0,0,0,0,0,0,0,0,0
312,1,1,0,0,0,0,0,0,0,0,0,0,0,0,0
313,1,1,0,0,0,0,0,0,0,0,0,0,0,0,0
314,1,1,0,0,0,0,0,0,0,0,0,0,0,0,0
315,1,1,0,0,0,0,0,0,0,0,0,0,0,0,0
316,1,1,0,0,0,0,0,0,0,0,0,0,0,0,0
317,1,1,0,0,0,0,0,0,0,0,0,0,0,0,0
318,1,0,0,0,0,0,0,0,0,0,0,0,0,0,0
319,0,0,0,0,0,0,0,0,0,0,0,0,0,0,0
320,0,0,0,0,0,0,0,0,0,0,0,0,0,0,0
321,0,0,0,0,0,0,0,0,0,0,0,0,0,0,0
322,1,0,0,0,0,0,0,0,0,0,0,0,0,0,0
323,1,0,0,0,0,0,0,0,0,0,0,0,0,0,0
324,1,0,0,0,0,0,0,0,0,0,0,0,0,0,0
325,1,0,0,0,0,0,0,0,0,0,0,0,0,0,0
326,1,0,0,0,0,0,0,0,0,0,0,0,0,0,0
327,1,0,0,0,0,0,0,0,0,0,0,0,0,0,0
328,1,0,0,0,0,0,0,0,0,0,0,0,0,0,0
329,1,0,0,0,0,0,0,0,0,0,0,0,0,0,0
330,1,0,0,0,0,0,0,0,0,0,0,0,0,0,0
331,1,0,0,0,0,0,0,0,0,0,0,0,0,0,0
332,1,0,0,1,0,0,0,0,0,0,0,0,0,0,0
333,1,0,0,1,0,0,0,0,0,0,0,0,0,0,0
334,1,0,0,1,0,0,0,0,0,0,0,0,0,0,0
335,1,0,0,1,0,0,0,0,0,0,0,0,0,0,0
336,1,0,0,1,0,0,0,0,0,0,0,0,0,0,0
337,1,0,0,1,0,0,0,0,0,0,0,0,0,0,0
338,1,0,0,1,0,0,0,0,0,0,0,0,0,0,0
339,1,0,0,1,0,0,0,0,0,0,0,0,0,0,0
340,1,0,0,1,0,0,0,0,0,0,0,0,0,0,0
341,1,0,0,1,0,0,0,0,0,0,0,0,0,0,0
342,1,0,0,1,0,0,0,0,0,0,0,0,0,0,0
343,1,0,0,1,0,0,0,0,0,0,0,0,0,0,0
344,1,0,0,1,0,0,0,0,0,0,0,0,0,0,0
345,1,0,0,1,0,0,0,0,0,0,0,0,0,0,0
346,1,0,0,1,0,0,0,0,0,0,0,0,0,0,0
347,1,0,0,1,0,0,0,0,0,0,0,0,0,0,0
348,1,0,0,1,0,0,0,0,0,0,0,0,0,0,0
349,1,0,0,1,0,0,0,0,0,0,0,0,0,0,0
350,1,0,0,1,0,0,0,0,0,0,0,0,0,0,0
351,1,0,1,0,0,0,0,0,0,0,0,0,0,0,0
352,1,0,1,0,0,0,0,0,0,0,0,0,0,0,0
353,1,0,1,0,0,0,0,0,0,0,0,0,0,0,0
354,1,0,1,0,0,0,0,0,0,0,0,0,0,0,0
355,1,0,1,0,0,0,0,0,0,0,0,0,0,0,0
356,1,0,1,0,0,0,0,0,0,0,0,0,0,0,0
357,1,0,1,0,0,0,0,0,0,0,0,0,0,0,0
358,1,0,1,0,0,0,0,0,0,0,0,0,0,0,0
359,1,0,1,0,0,0,0,0,0,0,0,0,0,0,0
360,1,0,1,0,0,0,0,0,0,0,0,0,0,0,0
361,1,0,1,0,0,0,0,0,0,0,0,0,0,0,0
362,1,0,1,0,0,0,0,0,0,0,0,0,0,0,0
363,1,0,1,0,0,0,0,0,0,0,0,0,0,0,0
364,1,0,1,0,0,0,0,0,0,0,0,0,0,0,0
365,1,0,1,0,0,0,0,0,0,0,0,0,0,0,0
366,0,0,0,0,0,0,0,0,0,0,0,0,0,0,0
367,0,0,0,0,0,0,0,0,0,0,0,0,0,0,0
368,1,0,0,0,0,0,0,0,0,0,0,0,0,0,0
369,1,0,0,0,0,0,0,0,0,0,0,0,0,0,0
370,1,0,0,0,0,0,0,0,0,0,0,0,0,0,0
371,1,0,0,0,0,0,0,0,0,0,0,0,0,0,0
372,1,0,0,0,0,0,0,0,0,0,0,0,0,0,0
373,1,0,0,0,0,0,0,0,0,0,0,0,0,0,0
374,1,0,0,0,0,0,0,0,0,0,0,0,0,0,0
375,1,0,0,0,0,0,0,0,0,0,0,0,0,0,0
376,1,0,0,0,0,0,0,0,0,0,0,0,0,0,0
377,1,0,0,0,0,0,0,0,0,0,0,0,0,0,0
378,1,0,0,0,0,0,0,0,0,0,0,0,0,0,0
379,1,0,0,0,0,0,0,0,0,0,0,0,0,0,0
380,1,0,1,0,0,0,0,0,0,0,0,0,0,0,0
381,1,0,1,0,0,0,0,0,0,0,0,0,0,0,0
382,1,0,1,0,0,0,0,0,0,0,0,0,0,0,0
383,1,0,1,0,0,0,0,0,0,0,0,0,0,0,0
384,1,0,1,0,0,0,0,0,0,0,0,0,0,0,0
385,1,0,1,0,0,0,0,0,0,0,0,0,0,0,0
386,1,0,1,0,0,0,0,0,0,0,0,0,0,0,0
387,1,0,1,0,0,0,0,0,0,0,0,0,0,0,0
388,1,0,1,0,0,0,0,0,0,0,0,0,0,0,0
389,1,0,1,0,0,0,0,0,0,0,0,0,0,0,0
390,1,0,0,1,0,0,0,0,0,0,0,0,0,0,0
391,1,0,0,1,0,0,0,0,0,0,0,0,0,0,0
392,1,0,0,1,0,0,0,0,0,0,0,0,0,0,0
393,0,0,0,1,0,0,0,0,0,0,0,0,0,0,0
394,0,0,0,1,0,0,0,0,0,0,0,0,0,0,0
395,0,0,0,1,0,0,0,0,0,0,0,0,0,0,0
396,1,0,0,0,0,0,0,0,0,0,0,0,0,0,0
397,1,0,0,0,0,0,0,0,0,0,0,0,0,0,0
398,1,0,0,0,0,0,0,0,0,0,0,0,0,0,0
399,1,0,0,0,0,0,0,0,0,0,0,0,0,0,0
400,1,0,0,0,0,0,0,0,0,0,0,0,0,0,0
401,1,0,0,0,0,0,0,0,0,0,0,0,0,0,0
402,1,0,0,0,0,0,0,0,0,0,0,0,0,0,0
403,1,0,0,0,0,0,0,0,0,0,0,0,0,0,0
404,1,0,0,0,0,0,0,0,0,0,0,0,0,0,0
405,1,0,0,0,0,0,0,0,0,0,0,0,0,0,0
406,1,0,0,0,0,0,0,0,0,0,0,0,0,0,0
407,1,0,0,0,0,0,0,0,0,0,0,0,0,0,0
408,1,0,0,0,0,0,0,0,0,0,0,0,0,0,0
409,1,0,0,0,0,0,0,0,0,0,0,0,0,0,0
410,1,0,0,0,0,0,0,0,0,0,0,0,0,0,0
411,1,0,0,0,0,0,0,0,0,0,0,0,0,0,0
412,1,0,0,0,0,0,0,0,0,0,0,0,0,0,0
413,1,0,0,0,0,0,0,0,0,0,0,0,0,0,0
414,1,0,0,0,0,0,0,0,0,0,0,0,0,0,0
415,1,0,0,0,0,0,0,0,0,0,0,0,0,0,0
416,1,0,0,0,0,0,0,0,0,0,0,0,0,0,0
417,1,0,0,0,0,0,0,0,0,0,0,0,0,0,0
418,1,0,0,0,0,0,0,0,0,0,0,0,0,0,0
419,1,0,0,0,0,0,0,0,0,0,0,0,0,0,0
420,1,0,0,0,0,0,0,0,0,0,0,0,0,0,0
421,1,0,0,0,0,0,0,0,0,0,0,0,0,0,0
422,1,0,0,0,0,0,0,0,0,0,0,0,0,0,0
423,1,0,0,0,0,0,0,0,0,0,0,0,0,0,0
424,1,0,0,0,0,0,0,0,0,0,0,0,0,0,0
425,1,0,0,0,0,0,0,0,0,0,0,0,0,0,0
426,1,0,0,0,0,0,0,0,0,0,0,0,0,0,0
427,1,0,0,0,0,0,0,0,0,0,0,0,0,0,0
428,1,0,0,0,0,0,0,0,0,0,0,0,0,0,0
429,1,0,0,0,0,0,0,0,0,0,0,0,0,0,0
430,1,0,0,0,0,0,0,0,0,0,0,0,0,0,0
431,1,0,0,0,0,0,0,0,0,0,0,0,0,0,0
432,1,0,0,0,0,0,0,0,0,0,0,0,0,0,0
433,1,0,0,0,0,0,0,0,0,0,0,0,0,0,0
434,1,0,0,0,0,0,0,0,0,0,0,0,0,0,0
435,1,0,0,0,0,0,0,0,0,0,0,0,0,0,0
436,1,0,0,0,0,0,0,0,0,0,0,0,0,0,0
437,1,0,0,0,0,0,0,0,0,0,0,0,0,0,0
438,1,0,0,0,0,0,0,0,0,0,0,0,0,0,0
439,1,0,0,0,0,0,0,0,0,0,0,0,0,0,0
440,1,0,0,0,0,0,0,0,0,0,0,0,0,0,0
441,1,0,0,0,0,0,0,0,0,0,0,0,0,0,0
442,1,0,0,0,0,0,0,0,0,0,0,0,0,0,0
443,1,0,0,0,0,0,0,0,0,0,0,0,0,0,0
444,1,0,0,0,0,0,0,0,0,0,0,0,0,0,1
445,1,0,0,0,0,0,0,0,0,0,0,0,0,0,1
446,1,0,0,0,0,0,0,0,0,0,0,0,0,0,1
447,1,0,0,0,0,0,0,0,0,0,0,0,0,0,1
448,1,0,0,0,0,0,0,0,0,0,0,0,0,0,1
449,1,1,0,0,0,0,0,0,0,0,0,0,0,0,0
450,1,1,0,0,0,0,0,0,0,0,0,0,0,0,0
451,1,1,0,0,0,0,0,0,0,0,0,0,0,0,0
452,1,1,0,0,0,0,0,0,0,0,0,0,0,0,0
453,1,1,0,0,0,0,0,0,0,0,0,0,0,0,0
454,1,1,0,0,0,0,0,0,0,0,0,0,0,0,0
455,1,1,0,0,0,0,0,0,0,0,0,0,0,0,0
456,1,1,0,0,0,0,0,0,0,0,0,0,0,0,0
457,1,1,0,0,0,0,0,0,0,0,0,0,0,0,0
458,1,1,0,0,0,0,0,0,0,0,0,0,0,0,0
459,1,1,0,0,0,0,0,0,0,0,0,0,0,0,0
460,1,1,0,0,0,0,0,0,0,0,0,0,0,0,0
461,1,1,0,0,0,0,0,0,0,0,0,0,0,0,0
462,1,1,0,0,0,0,0,0,0,0,0,0,0,0,0
463,1,1,0,0,0,0,0,0,0,0,0,0,0,0,0
464,1,1,0,0,0,0,0,0,0,0,0,0,0,0,0
465,1,1,0,0,0,0,0,0,0,0,0,0,0,0,0
466,1,1,0,0,0,0,0,0,0,0,0,0,0,0,0
467,1,1,0,0,0,0,0,0,0,0,0,0,0,0,0
468,1,1,0,0,0,0,0,0,0,0,0,0,0,0,0
469,1,0,0,0,0,0,0,0,1,0,0,0,0,0,0
470,1,0,0,0,0,0,0,0,1,0,0,0,0,0,0
471,1,0,0,0,0,0,0,0,1,0,0,0,0,0,0
472,1,0,0,0,0,0,0,0,0,0,0,0,0,0,0
473,1,0,0,0,0,0,0,0,0,0,0,0,0,0,0
474,1,0,0,0,0,0,0,0,0,0,0,0,0,0,0
475,1,0,0,0,0,0,0,0,0,0,0,0,0,0,0
476,1,0,0,0,0,0,0,0,0,0,0,0,0,0,0
477,1,0,0,0,0,0,0,0,0,0,0,0,0,0,0
478,1,0,0,0,0,0,0,0,0,0,0,0,0,0,0
479,1,0,0,0,0,0,0,0,0,0,0,0,0,0,0
480,1,0,0,0,0,0,0,0,0,0,0,0,0,0,0
481,1,0,0,0,0,0,0,0,0,0,0,0,0,0,0
482,1,0,0,0,0,0,0,0,0,0,0,0,0,0,0
483,1,0,0,0,0,0,0,0,0,0,0,0,0,0,0
484,1,0,0,0,0,0,0,0,0,0,0,0,0,0,0
485,1,0,0,0,0,0,0,0,0,0,0,0,0,0,0
486,1,0,0,0,0,0,0,0,0,0,0,0,0,0,0
487,1,0,0,0,0,0,0,0,0,0,0,0,0,0,0
488,1,0,0,0,0,0,0,0,0,0,0,0,0,0,0
489,1,0,0,0,0,0,0,0,0,0,0,0,0,0,0
490,1,0,0,0,0,0,0,0,0,0,0,0,0,0,0
491,1,0,0,0,0,0,0,0,0,0,0,0,0,0,0
492,1,0,0,0,0,0,0,0,0,0,0,0,0,0,1
493,0,0,0,0,0,0,0,0,0,0,0,0,0,0,1
494,0,0,0,0,0,0,0,0,0,0,0,0,0,0,1
495,0,0,0,0,0,0,0,0,0,0,0,0,0,0,1
496,0,0,0,0,0,0,0,0,0,0,0,0,0,0,1
497,0,0,0,0,0,0,0,0,0,0,0,0,0,0,1
498,0,0,0,0,0,0,0,0,0,0,0,0,0,0,1
499,0,0,0,0,0,0,0,0,0,0,0,0,0,0,1
500,0,1,0,0,0,0,0,0,0,0,0,0,0,0,1
501,0,1,0,0,0,0,0,0,0,0,0,0,0,0,1
502,0,1,0,0,0,0,0,0,0,0,0,0,0,0,1
503,0,1,0,0,0,0,0,0,0,0,0,0,0,0,1
504,1,1,0,0,0,0,0,0,0,0,0,0,0,0,1
505,1,1,0,0,0,0,0,0,0,0,0,0,0,0,1
506,1,1,0,0,0,0,0,0,0,0,0,0,0,0,1
507,1,1,0,0,0,0,0,0,0,0,0,0,0,0,1
508,1,1,0,0,0,0,0,0,0,0,0,0,0,0,0
509,1,1,0,0,0,0,0,0,0,0,0,0,0,0,0
510,1,1,0,0,0,0,0,0,0,0,0,0,0,0,0
511,1,1,0,0,0,0,0,0,0,0,0,0,0,0,0
512,1,1,0,0,0,0,0,0,0,0,0,0,0,0,0
513,1,1,0,0,0,0,0,0,0,0,0,0,0,0,0
514,1,1,0,0,0,0,0,0,0,0,0,0,0,0,0
515,1,1,0,0,0,0,0,0,0,0,0,0,0,0,0
516,1,1,0,0,0,0,0,0,0,0,0,0,0,0,0
517,1,1,0,0,0,0,0,0,0,0,0,0,0,0,0
518,1,1,0,0,0,0,0,0,0,0,0,0,0,0,0
519,1,1,0,0,0,0,0,0,0,0,0,0,0,0,0
520,1,1,0,0,0,0,0,0,0,0,0,0,0,0,0
521,1,1,0,0,0,0,0,0,0,0,0,0,0,0,0
522,1,1,0,0,0,0,0,0,0,0,0,0,0,0,0
523,1,1,0,0,0,0,0,0,0,0,0,0,0,0,0
524,1,1,0,0,0,0,0,0,0,0,0,0,0,0,0
525,1,1,0,0,0,0,0,0,0,0,0,0,0,0,0
526,1,1,0,0,0,0,0,0,0,0,0,0,0,0,0
527,1,1,0,0,0,0,0,0,0,0,0,0,0,0,0
528,1,1,0,0,0,0,0,0,0,0,0,0,0,0,0
529,1,1,0,0,0,0,0,0,0,0,0,0,0,0,0
530,1,1,0,0,0,0,0,0,0,0,0,0,0,0,0
531,1,1,0,0,0,0,0,0,0,0,0,0,0,0,0
532,1,1,0,0,0,0,0,0,0,0,0,0,0,0,0
533,1,1,0,0,0,0,0,0,0,0,0,0,0,0,0
534,1,1,0,0,0,0,0,0,0,0,0,0,0,0,0
535,1,1,0,0,0,0,0,0,0,0,0,0,0,0,0
536,1,1,0,0,0,0,0,0,0,0,0,0,0,0,0
537,1,1,0,0,0,0,0,0,0,0,0,0,0,0,0
538,1,1,0,0,0,0,0,0,0,0,0,0,0,0,0
539,1,1,0,0,0,0,0,0,0,0,0,0,0,0,0
540,1,1,0,0,0,0,0,0,0,0,0,0,0,0,0
541,1,1,0,0,0,0,0,0,0,0,0,0,0,0,0
542,1,1,0,0,0,0,0,0,0,0,0,0,0,0,0
543,1,1,0,0,0,0,0,0,0,0,0,0,0,0,0
544,1,1,0,0,0,0,0,0,0,0,0,0,0,0,0
545,1,1,0,0,0,0,0,0,0,0,0,0,0,0,0
546,1,1,0,0,0,0,0,0,0,0,0,0,0,0,0
547,1,1,0,0,0,0,0,0,0,0,0,0,0,0,0
548,1,1,0,0,0,0,0,0,0,0,0,0,0,0,0
549,1,1,0,0,0,0,0,0,0,0,0,0,0,0,0
550,1,1,0,0,0,0,0,0,0,0,0,0,0,0,0
551,1,1,0,0,0,0,0,0,0,0,0,0,0,0,0
552,1,1,0,0,0,0,0,0,0,0,0,0,0,0,0
553,1,1,0,0,0,0,0,0,0,0,0,0,0,0,0
554,1,1,0,0,0,0,0,0,0,0,0,0,0,0,0
555,1,1,0,0,0,0,0,0,0,0,0,0,0,0,0
556,1,1,0,0,0,0,0,0,0,0,0,0,0,0,0
557,1,1,0,0,0,0,0,0,0,0,0,0,0,0,0
558,0,1,0,0,0,0,0,0,0,0,0,0,0,0,0
559,0,1,0,0,0,0,0,0,0,0,0,0,0,0,0
560,0,1,0,0,0,0,0,0,0,0,0,0,0,0,0
561,0,1,0,0,0,0,0,0,0,0,0,0,0,0,0
562,0,1,0,0,0,0,0,0,0,0,0,0,0,0,0
563,0,1,0,0,0,0,0,0,0,0,0,0,0,0,0
564,0,1,0,0,0,0,0,0,0,0,0,0,0,0,0
565,0,0,0,0,0,0,0,0,0,0,0,0,0,0,0
566,0,1,0,0,0,0,0,0,0,0,0,0,0,0,0
567,0,1,0,0,0,0,0,0,0,0,0,0,0,0,0
568,0,1,0,0,0,0,0,0,0,0,0,0,0,0,0
569,0,1,0,0,0,0,0,0,0,0,0,0,0,0,0
570,0,0,0,0,0,0,0,0,0,0,0,0,0,0,0
571,0,0,0,0,0,0,0,0,0,0,0,0,0,0,0
572,0,0,0,0,0,0,0,0,0,0,0,0,0,0,0
573,0,0,0,0,0,0,0,0,0,0,0,0,0,0,0
574,0,0,0,0,0,0,0,0,0,0,0,0,0,0,0
575,0,0,0,0,0,0,0,0,0,0,0,0,0,0,0
576,0,0,0,0,0,0,0,0,0,0,0,0,0,0,0
577,0,0,0,0,0,0,0,0,0,0,0,0,0,0,0
578,0,0,0,0,0,0,0,0,0,0,0,0,0,0,0
579,0,0,0,0,0,0,0,0,0,0,0,0,0,0,0
580,0,0,0,0,0,0,0,0,1,0,0,0,0,0,0
581,0,1,0,0,0,0,0,0,1,0,0,0,0,0,0
582,0,1,0,0,0,0,0,0,1,0,0,0,0,0,0
583,0,1,0,0,0,0,0,0,1,0,0,0,0,0,0
584,0,1,0,0,0,0,0,0,1,0,0,0,0,0,0
585,0,1,0,0,0,0,0,0,1,0,0,0,0,0,0
586,0,1,0,0,0,0,0,0,1,0,0,0,0,0,0
587,0,1,0,0,0,0,0,0,1,0,0,0,0,0,0
588,0,1,0,0,0,0,0,0,1,0,0,0,0,0,0
589,0,1,0,0,0,0,0,0,1,0,0,0,0,0,0
590,0,1,0,0,0,0,0,0,1,0,0,0,0,0,0
591,0,1,0,0,0,0,0,0,1,0,0,0,0,0,0
592,0,0,0,0,0,0,0,0,1,0,0,0,0,0,0
593,0,0,0,0,0,0,0,0,1,0,0,0,0,0,0
594,0,0,0,0,0,0,0,0,1,0,0,0,0,0,0
595,0,0,0,0,0,0,0,0,1,0,0,0,0,0,0
596,0,0,0,0,0,0,0,0,1,0,0,0,0,0,0
597,0,0,0,0,0,0,0,0,1,0,0,0,0,0,0
598,0,0,0,0,0,0,0,0,1,0,0,0,0,0,0
599,0,0,0,0,0,0,0,0,1,0,0,0,0,0,0
600,0,0,0,0,0,0,0,0,1,0,0,0,0,0,0
601,0,0,0,0,0,0,0,0,1,0,0,0,0,0,0
602,0,0,0,0,0,0,0,0,1,0,0,0,0,0,0
603,0,0,0,0,0,0,0,0,1,0,0,0,0,0,0
604,0,0,0,0,0,0,0,0,1,0,0,0,0,0,0
605,0,0,0,0,0,0,0,0,1,0,0,0,0,0,0
606,0,0,0,0,0,0,0,0,1,0,0,0,0,0,0
607,0,0,0,0,0,0,0,0,1,0,0,0,0,0,0
608,0,0,0,0,0,0,0,0,1,0,0,0,0,0,0
609,0,0,0,0,0,0,0,0,1,0,0,0,0,0,0
610,0,0,0,0,0,0,0,0,1,0,0,0,0,0,0
611,0,0,0,0,0,0,0,0,1,0,0,0,0,0,0
612,0,0,0,0,0,0,0,0,1,0,0,0,0,0,0
613,0,0,0,0,0,0,0,0,1,0,0,0,0,0,0
614,0,0,0,0,0,0,0,0,1,0,0,0,0,0,0
615,0,0,0,0,0,0,0,0,1,0,0,0,0,0,0
616,0,0,0,0,0,0,0,0,1,0,0,0,0,0,0
617,0,0,0,0,0,0,0,0,0,0,0,0,0,0,0
618,0,0,0,0,0,0,0,0,1,0,0,0,0,0,0
619,0,0,0,0,0,0,0,0,1,0,0,0,0,0,0
620,0,0,0,0,0,0,0,0,1,0,0,0,0,0,0
621,0,0,0,0,0,0,0,0,1,0,0,0,0,0,0
622,0,0,0,0,0,0,0,0,1,0,0,0,0,0,0
623,0,0,0,0,0,0,0,0,0,0,0,0,0,0,0
624,0,0,0,0,0,0,0,0,0,0,0,0,0,0,0
625,0,0,0,0,0,0,0,0,0,0,0,0,0,0,1
626,0,0,0,0,0,0,0,0,0,0,0,0,0,0,1
627,0,0,0,0,0,0,0,0,0,0,0,0,0,0,0
628,0,0,0,0,0,0,0,0,0,0,0,0,0,0,0
629,0,0,0,0,0,0,0,0,0,0,0,0,0,0,0
630,0,0,0,0,0,0,0,0,0,0,0,0,0,0,0
631,0,0,0,0,0,0,0,0,0,0,0,0,0,0,0
632,0,0,0,0,0,0,0,0,0,0,0,0,0,0,0
633,0,0,0,0,0,0,0,0,0,0,0,0,0,0,0
634,0,0,0,0,0,0,0,0,0,0,0,0,0,0,0
635,0,0,0,0,0,0,0,0,0,0,0,0,0,0,0
636,0,0,0,0,0,0,0,0,0,0,0,0,0,0,0
637,0,0,0,0,0,0,0,0,0,0,0,0,0,0,1
638,0,0,0,0,0,0,0,0,0,0,0,0,0,0,1
639,0,0,0,0,0,0,0,0,0,0,0,0,0,0,1
640,0,0,0,0,0,0,0,0,0,0,0,0,0,1,0
641,0,0,0,0,0,0,0,0,0,0,0,0,0,1,0
642,0,0,0,0,0,0,0,0,0,0,0,0,0,1,0
643,0,0,0,0,0,0,0,0,0,0,0,0,0,1,0
644,0,0,0,0,0,0,0,0,0,0,0,0,0,1,0
645,0,0,0,0,0,0,0,0,0,0,0,0,0,1,0
646,0,0,0,0,0,0,0,0,0,0,0,0,0,1,0
647,0,0,0,0,0,0,0,0,0,0,0,0,0,1,0
648,0,0,0,0,0,0,0,0,0,0,0,0,0,1,0
649,0,0,0,0,0,0,0,0,0,0,0,0,0,1,0
650,0,0,0,0,0,0,0,0,0,0,0,0,0,1,0
651,0,0,0,0,0,0,0,0,0,0,0,0,0,1,0
652,0,0,0,0,0,0,0,0,0,0,0,0,0,1,0
653,1,0,0,0,0,0,0,0,0,0,0,0,0,1,0
654,1,0,0,0,0,0,0,0,0,0,0,0,0,1,0
655,1,0,0,0,0,0,0,0,0,0,0,0,0,1,0
656,1,0,0,0,0,0,0,0,0,0,0,0,0,1,0
657,1,0,0,0,0,0,0,0,0,0,0,0,0,0,0
658,1,0,0,0,0,0,0,0,0,0,0,0,0,1,0
659,1,0,0,0,0,0,0,0,0,0,0,0,0,1,0
660,1,0,0,0,0,0,0,0,0,0,0,0,0,1,0
661,1,0,0,0,0,0,0,0,0,0,0,0,0,1,0
662,1,0,0,0,0,0,0,0,0,0,0,0,0,1,0
663,1,0,0,0,0,0,0,0,0,0,0,0,0,1,0
664,1,0,0,0,0,0,0,0,0,0,0,0,0,1,0
665,1,0,0,0,0,0,0,0,0,0,0,0,0,1,0
666,1,0,0,0,0,0,0,0,0,0,0,0,0,1,0
667,1,0,0,0,0,0,0,0,0,0,0,0,0,1,0
668,1,0,0,0,0,0,0,0,0,0,0,0,0,1,0
669,1,0,0,0,0,0,0,0,0,0,0,0,0,1,0
670,0,0,0,0,0,0,0,0,0,0,0,0,0,1,0
671,0,0,0,0,0,0,0,0,0,0,0,0,0,1,0
672,0,0,0,0,0,0,0,0,0,0,0,0,0,1,0
673,0,0,0,0,0,0,0,0,0,0,0,0,0,1,0
674,1,0,0,0,0,0,0,0,0,0,0,0,0,1,0
675,1,0,0,0,0,0,0,0,0,0,0,0,0,1,0
676,1,0,0,0,0,0,0,0,0,0,0,0,0,1,0
677,1,0,0,0,0,0,0,0,0,0,0,0,0,1,0
678,1,0,0,0,0,0,0,0,0,0,0,0,0,1,0
679,1,0,0,0,0,0,0,0,0,0,0,0,0,1,0
680,1,0,0,0,0,0,0,0,0,0,0,0,0,1,0
681,1,0,0,0,0,0,0,0,0,0,0,0,0,1,0
682,1,0,0,0,0,0,0,0,0,0,0,0,0,1,0
683,1,0,0,0,0,0,0,0,0,0,0,0,0,1,0
684,1,0,0,0,0,0,0,0,0,0,0,0,0,1,0
685,1,0,0,0,0,0,0,0,0,0,0,0,0,1,0
686,1,0,0,0,0,0,0,0,0,0,0,0,0,1,0
687,1,0,0,0,0,0,0,0,0,0,0,0,0,1,0
688,1,0,0,0,0,0,0,0,0,0,0,0,0,1,0
689,1,0,0,0,0,0,0,0,0,0,0,0,0,1,0
690,1,0,0,0,0,0,0,0,0,0,0,0,0,1,0
691,0,0,0,0,0,0,0,0,0,0,0,0,0,1,0
692,0,0,0,0,0,0,0,0,0,0,0,0,0,1,0
693,0,0,0,0,0,0,0,0,0,0,0,0,0,1,0
694,0,0,0,0,0,0,0,0,0,0,0,0,0,1,0
695,0,0,0,0,0,0,0,0,0,0,0,0,0,1,0
696,0,0,0,0,0,0,0,0,0,0,0,0,0,1,0
697,0,0,0,0,0,0,0,0,0,0,0,0,0,1,0
698,0,0,0,0,0,0,0,0,0,0,0,0,0,1,0
699,0,0,0,0,0,0,0,0,0,0,0,0,0,1,0
700,0,0,0,0,0,0,0,0,0,0,0,0,0,0,0
701,0,0,0,0,0,0,0,0,0,0,0,0,0,0,0
702,0,0,0,0,0,0,0,0,0,0,0,0,0,1,0
703,0,0,0,0,0,0,0,0,0,0,0,0,0,1,0
704,0,0,0,0,0,0,0,0,0,0,0,0,0,1,0
705,0,0,0,0,0,0,0,0,0,0,0,0,0,1,0
706,0,0,0,0,0,0,0,0,0,0,0,0,0,1,0
707,0,0,0,0,0,0,0,0,0,0,0,0,0,0,0
708,0,0,0,0,0,0,0,0,0,0,0,0,0,0,0
709,0,0,0,0,0,0,0,0,0,0,0,0,0,0,0
710,0,0,0,0,0,0,0,0,0,0,0,0,0,1,0
711,0,0,0,0,0,0,0,0,0,0,0,0,0,0,0
712,0,0,0,0,0,0,0,0,0,0,0,0,0,0,0
713,0,0,0,0,0,0,0,0,0,0,0,0,0,0,0
714,0,0,0,0,0,0,0,0,0,0,0,0,0,0,0
715,0,0,0,0,0,0,0,0,0,0,0,0,0,0,0
716,0,0,0,0,0,0,0,0,0,0,0,0,0,0,0
717,0,0,0,0,0,0,0,0,0,0,0,0,0,0,0
718,0,0,0,0,0,0,0,0,0,0,0,0,0,0,0
719,0,0,0,0,0,0,0,0,0,0,0,0,0,0,0
720,0,0,0,0,0,0,0,0,0,0,0,0,0,0,0
721,0,0,0,0,0,0,0,0,0,0,0,0,0,0,0
722,0,0,0,0,0,0,0,0,0,0,0,0,0,1,0
723,0,0,0,0,0,0,0,0,0,0,0,0,0,1,0
724,0,0,0,0,0,0,0,0,0,0,0,0,0,1,0
725,0,0,0,0,0,0,0,0,0,0,0,0,0,1,0
726,0,0,0,0,0,0,0,0,0,0,0,0,0,1,0
727,0,0,0,0,0,0,0,0,0,0,0,0,0,1,0
728,0,0,0,0,0,0,0,0,0,0,0,0,0,1,0
729,0,0,0,0,0,0,0,0,0,0,0,0,0,1,0
730,0,0,0,0,0,0,0,0,0,0,0,0,0,1,0
731,0,0,0,0,0,0,0,0,0,0,0,0,0,1,0
732,0,0,0,0,0,0,0,0,0,0,0,0,0,1,0
733,0,0,0,0,0,0,0,0,0,0,0,0,0,1,0
734,0,0,0,0,0,0,0,0,0,0,0,0,0,1,0
735,0,0,0,0,0,0,0,0,0,0,0,0,0,1,0
736,0,0,0,0,0,0,0,0,0,0,0,0,0,1,0
737,0,0,0,0,0,0,0,0,0,0,0,0,0,1,0
738,0,0,0,0,0,0,0,0,0,0,0,0,0,1,0
739,0,0,0,0,0,0,0,0,0,0,0,0,0,1,0
